Training accuracies: [51.238591916558015, 51.76010430247718, 52.15123859191656, 54.10691003911343, 54.23728813559322, 56.58409387222947, 56.97522816166884, 56.84485006518905, 59.32203389830509, 56.97522816166884, 62.972620599739244, 63.23337679269883, 64.01564537157758, 67.66623207301173, 69.36114732724903, 65.71056062581486, 67.40547588005215, 71.05606258148632, 70.79530638852673, 75.09778357235984, 73.92438070404172, 75.35853976531942, 72.6205997392438, 75.7496740547588, 76.53194263363756, 78.48761408083442, 78.48761408083442, 78.48761408083442, 80.70404172099087, 78.48761408083442]
Testing accuracies: [51.204819277108435, 57.2289156626506, 55.42168674698795, 52.40963855421687, 53.01204819277108, 53.6144578313253, 56.626506024096386, 59.036144578313255, 53.6144578313253, 60.8433734939759, 60.24096385542169, 55.42168674698795, 61.44578313253012, 69.87951807228916, 68.07228915662651, 65.06024096385542, 69.87951807228916, 73.49397590361446, 63.855421686746986, 80.12048192771084, 70.48192771084338, 74.09638554216868, 71.08433734939759, 77.10843373493977, 74.6987951807229, 77.71084337349397, 80.12048192771084, 72.89156626506023, 80.12048192771084, 81.32530120481928]
Validation accuracies: [51.21951219512195, 59.75609756097561, 60.97560975609756, 57.31707317073171, 61.58536585365854, 63.41463414634146, 64.63414634146342, 60.97560975609756, 60.36585365853659, 65.2439024390244, 64.63414634146342, 64.02439024390245, 63.41463414634146, 67.6829268292683, 69.51219512195122, 67.07317073170732, 74.39024390243902, 76.82926829268293, 65.85365853658537, 78.65853658536585, 75.60975609756098, 80.48780487804878, 76.21951219512195, 79.8780487804878, 76.21951219512195, 76.21951219512195, 81.09756097560975, 73.78048780487805, 76.82926829268293, 80.48780487804878]
Training loses: [0.020617224094975326, 0.0194351381311814, 0.01899113130962683, 0.018706376069328852, 0.018610266425336402, 0.018434373480785225, 0.01818808129367729, 0.01834807250027855, 0.01776975543341703, 0.01800510765881174, 0.01714066961883671, 0.017184050443271797, 0.01675149727250553, 0.016197185019134648, 0.015518661368534796, 0.016249326756224036, 0.016148556825808354, 0.014960326176757613, 0.014915986762692532, 0.013641517201904207, 0.014050754627937244, 0.013004987390660165, 0.014229164614031712, 0.012877402503767775, 0.01281630594490303, 0.011745010101650325, 0.011783017595815988, 0.011847201314392604, 0.010722592977496484, 0.011469846901794275]
Validation loses: [0.08441988495755787, 0.08322679996490479, 0.08212383374694951, 0.08335578687920059, 0.07816154749925472, 0.07766826980370135, 0.07610876599619211, 0.07772061401162265, 0.07897315488373938, 0.07341450994664972, 0.07672519673985884, 0.07423660282261114, 0.07440745781275851, 0.06565748955592636, 0.06351941097373805, 0.06750766329528872, 0.06345102141711337, 0.0649034954792212, 0.0796151466606077, 0.056236020050758166, 0.056572197266846654, 0.047058938948576115, 0.0564225685497946, 0.052312861789356575, 0.050846915969178695, 0.058839420149148995, 0.04706227360678113, 0.05505736184514259, 0.04871353334631801, 0.04483121830569811]
Testing loses: [0.08653796211747099, 0.08545433194184106, 0.08528452717568263, 0.08761875146676686, 0.08238683801051999, 0.08152509819377553, 0.08195959979837592, 0.07971437657174986, 0.08278967107623077, 0.07803427581944741, 0.07971440169436873, 0.07673304731195624, 0.07283738354020868, 0.06999432104678194, 0.06686420455451839, 0.06835133674716161, 0.06771422294545765, 0.06485920577995048, 0.07664624891005271, 0.05212765205497583, 0.06567504213861197, 0.061709332564645565, 0.06098020421571968, 0.059530088970483834, 0.052864155739792126, 0.05890148582537313, 0.047108398611880535, 0.061617782293272416, 0.04840145081527962, 0.04409199091028576]










              precision    recall  f1-score   support

           0       0.00      0.00      0.00        18
           1       0.94      0.89      0.92        85
           2       0.69      0.94      0.80        63

    accuracy                           0.81       166
   macro avg       0.54      0.61      0.57       166
weighted avg       0.74      0.81      0.77       166

