Training accuracies: [50.58670143415906, 55.14993481095176, 58.01825293350717, 62.71186440677966, 64.14602346805736, 67.01434159061277, 68.44850065189048, 68.3181225554107, 75.09778357235984, 76.01043024771839, 77.83572359843546, 74.70664928292047, 78.6179921773142, 81.48631029986961, 80.96479791395046, 80.1825293350717, 82.39895697522816, 84.8761408083442, 85.26727509778357, 84.09387222946545, 82.26857887874837, 85.39765319426337, 84.8761408083442, 85.39765319426337, 86.83181225554107, 86.83181225554107, 87.09256844850066, 84.09387222946545, 87.22294654498045, 86.17992177314211]
Testing accuracies: [53.6144578313253, 54.81927710843374, 50.0, 68.67469879518072, 59.63855421686747, 48.19277108433735, 63.855421686746986, 48.795180722891565, 58.433734939759034, 63.25301204819277, 57.2289156626506, 69.87951807228916, 74.09638554216868, 74.6987951807229, 74.09638554216868, 70.48192771084338, 85.5421686746988, 82.53012048192771, 71.6867469879518, 85.5421686746988, 59.63855421686747, 68.67469879518072, 65.06024096385542, 89.1566265060241, 84.33734939759036, 81.32530120481928, 81.92771084337349, 54.21686746987952, 83.73493975903614]
Validation accuracies: [57.31707317073171, 64.63414634146342, 55.48780487804878, 68.90243902439025, 58.53658536585366, 53.048780487804876, 65.85365853658537, 50.609756097560975, 60.36585365853659, 70.1219512195122, 57.926829268292686, 70.73170731707317, 78.04878048780488, 74.39024390243902, 72.5609756097561, 70.73170731707317, 84.14634146341463, 84.14634146341463, 70.73170731707317, 85.97560975609755, 65.2439024390244, 66.46341463414635, 66.46341463414635, 83.53658536585365, 83.53658536585365, 81.09756097560975, 84.7560975609756, 60.97560975609756, 78.65853658536585, 75.0]
Training loses: [0.01989961583684716, 0.018802387614010107, 0.018537460955687694, 0.017317413016118936, 0.016851372577043045, 0.01619232132927411, 0.01605022584812509, 0.015081095961957343, 0.013320388815676173, 0.013745290479467561, 0.01188756946551924, 0.013229741883050235, 0.01170739122123147, 0.009866642720428193, 0.009846744237519387, 0.010229703404345652, 0.00937990323614536, 0.007750334253715765, 0.008138241574569192, 0.007752382940250552, 0.00829730090400618, 0.007511094726699715, 0.006942889494692079, 0.006975318648781265, 0.0066509918801279525, 0.0068909268173026955, 0.007267101114848629, 0.007829245451527337, 0.006048008919201999, 0.006654380794821515]
Validation loses: [0.08257434683397781, 0.07797214216437222, 0.08246995003755428, 0.07099642142776616, 0.07373966165810576, 0.13048709670374217, 0.06941237060491703, 0.08981572350194632, 0.06865786237657562, 0.06718008109360686, 0.1043374011339235, 0.056356866743938985, 0.05665848619681745, 0.07345224461279624, 0.060912030541207175, 0.07339363058736502, 0.03751550350061133, 0.035973505909777874, 0.10167327252301303, 0.03104771144133954, 0.134734910381727, 0.09148143231868744, 0.0769777170128443, 0.03186971681916024, 0.0309942298191638, 0.03453013467148316, 0.036506709050048484, 0.1362746697812041, 0.035853286862588866, 0.0457250654451118]
Testing loses: [0.08604845429254958, 0.0800929069519043, 0.08626346351686588, 0.0733355012806979, 0.07522244542098243, 0.15055748303074482, 0.07695331208962054, 0.08917855871610404, 0.07933420041375909, 0.087036474923457, 0.1191283065425463, 0.0644973869904999, 0.06312773272025683, 0.059874875732689854, 0.0673177271835075, 0.08172386589129109, 0.03828492846863329, 0.033852021063654876, 0.0826340256151089, 0.031018471422274253, 0.16202027837107005, 0.08353746183647598, 0.0946086593403304, 0.03243889776635761, 0.03387078470435024, 0.03379968867814245, 0.03892673170270999, 0.15471029774216583, 0.03356362017225628]










              precision    recall  f1-score   support

           0       0.48      0.78      0.60        18
           1       0.92      0.99      0.95        85
           2       0.89      0.65      0.75        63

    accuracy                           0.84       166
   macro avg       0.77      0.81      0.77       166
weighted avg       0.86      0.84      0.84       166

