Training accuracies: [49.80443285528031, 54.36766623207301, 59.32203389830509, 68.44850065189048, 76.40156453715775, 76.92307692307692, 76.79269882659713, 78.35723598435463, 81.48631029986961, 83.3116036505867, 81.48631029986961, 85.91916558018254, 83.05084745762711, 85.65840938722295, 85.52803129074316, 84.8761408083442, 86.57105606258149]
Testing accuracies: [54.81927710843374, 52.40963855421687, 55.42168674698795, 59.036144578313255, 62.65060240963855, 84.33734939759036, 77.71084337349397, 84.33734939759036, 83.13253012048193, 83.73493975903614, 80.72289156626506, 86.144578313253, 83.73493975903614, 81.92771084337349, 83.13253012048193, 82.53012048192771]
Validation accuracies: [54.8780487804878, 53.65853658536585, 64.63414634146342, 59.146341463414636, 67.07317073170732, 84.14634146341463, 80.48780487804878, 83.53658536585365, 81.09756097560975, 86.58536585365853, 84.7560975609756, 85.36585365853658, 85.36585365853658, 80.48780487804878, 84.14634146341463, 83.53658536585365, 82.3170731707317]
Training loses: [0.01963015912204153, 0.01864836634033256, 0.017565612875235576, 0.015318169349080158, 0.013161239149566325, 0.012886090740923666, 0.011395539693896554, 0.011583985379224436, 0.010262523350926736, 0.009108904024793042, 0.009516143676592037, 0.007888152348136323, 0.009355667234760607, 0.0072747625979698366, 0.007801224910912828, 0.008163827057513926, 0.0075749576240519275]
Validation loses: [0.07903974410916163, 0.09047961284306424, 0.06998724976846994, 0.07008308566306248, 0.08507882046305443, 0.03702007307986583, 0.04634225393129774, 0.03587884963913397, 0.03854677512133417, 0.03069328698368112, 0.04130225497767453, 0.029917183755473656, 0.03221667714971156, 0.048994402008608356, 0.03583270767010933, 0.04629812654384897, 0.03666974133850375]
Testing loses: [0.08094103277222185, 0.09427219038167277, 0.07368459213863719, 0.07606516741524058, 0.10574655321018755, 0.03841898633428841, 0.05036824510609808, 0.03760599708261569, 0.03739902869728971, 0.03328566425595402, 0.04448876720814666, 0.03237212153751988, 0.033353904062066196, 0.04070462348047366, 0.03427730802415816, 0.0555262416601181]










              precision    recall  f1-score   support

           0       1.00      0.06      0.11        18
           1       0.92      0.93      0.92        85
           2       0.72      0.90      0.80        63

    accuracy                           0.83       166
   macro avg       0.88      0.63      0.61       166
weighted avg       0.85      0.83      0.79       166

