Training accuracies: [53.58539765319426, 52.803129074315514, 55.01955671447197, 59.0612777053455, 63.23337679269883, 66.7535853976532, 67.66623207301173, 70.40417209908735, 72.88135593220339, 72.49022164276401, 80.57366362451108, 83.18122555410692, 79.66101694915254, 83.57235984354628, 83.44198174706649, 82.65971316818775, 85.52803129074316, 85.52803129074316, 84.7457627118644, 83.18122555410692, 82.79009126466754, 84.61538461538461, 82.52933507170795, 83.18122555410692, 82.52933507170795, 83.05084745762711, 86.3102998696219, 86.04954367666232, 83.57235984354628, 86.96219035202085]
Testing accuracies: [53.6144578313253, 51.204819277108435, 51.80722891566265, 66.26506024096386, 46.3855421686747, 69.87951807228916, 53.01204819277108, 68.67469879518072, 56.024096385542165, 45.78313253012048, 44.57831325301205, 42.16867469879518, 43.975903614457835, 84.93975903614458, 71.08433734939759, 85.5421686746988, 77.71084337349397, 42.16867469879518, 87.95180722891567, 71.6867469879518, 69.27710843373494, 60.24096385542169, 71.6867469879518, 83.13253012048193, 84.33734939759036, 84.33734939759036, 86.74698795180723, 61.44578313253012, 43.373493975903614, 65.06024096385542]
Validation accuracies: [62.80487804878049, 51.21951219512195, 51.21951219512195, 66.46341463414635, 43.292682926829265, 73.17073170731707, 54.8780487804878, 71.95121951219512, 54.8780487804878, 52.4390243902439, 48.78048780487805, 45.73170731707317, 46.951219512195124, 85.97560975609755, 73.78048780487805, 87.1951219512195, 75.60975609756098, 47.5609756097561, 87.8048780487805, 69.51219512195122, 65.85365853658537, 58.53658536585366, 67.6829268292683, 75.60975609756098, 85.97560975609755, 84.7560975609756, 88.41463414634147, 59.146341463414636, 53.65853658536585, 65.2439024390244]
Training loses: [0.016340651859839756, 0.015247622297869788, 0.01462642368601842, 0.014261313701151974, 0.01356967903363208, 0.012144359307260148, 0.011964119026540883, 0.011366360704414546, 0.01013998438914617, 0.010641395308387777, 0.00724341650493443, 0.005847583521649034, 0.00703347239889101, 0.0060032441720573445, 0.0060941934482091, 0.005916460074432608, 0.004545781303830962, 0.004216327846127872, 0.005247489746478904, 0.006439355711336248, 0.005708389417527036, 0.005712444793769262, 0.00612225259667159, 0.005467428017355915, 0.005997666558768187, 0.0054095373100911575, 0.004337435974674816, 0.0042594324428743375, 0.0049565475217403015, 0.00455850622044333]
Validation loses: [0.06810702075642988, 0.06207632747563449, 0.06202238674991387, 0.06410766583828886, 0.09204026539463643, 0.04437040457548189, 0.07043348363608369, 0.04228137913814261, 0.0805147314859816, 0.17820054391198908, 0.20132825394307285, 0.1980218483396798, 0.18192618839011707, 0.024984959851611744, 0.049528235161661605, 0.01581734079436576, 0.048895529294309535, 0.25156387021718934, 0.014376249241792743, 0.05187624717546888, 0.07805503683149323, 0.10600124558141409, 0.0759002046644195, 0.04372560614643018, 0.017145312583643543, 0.02183069159423024, 0.01619267896248782, 0.11955474920509275, 0.15398406489821503, 0.12297229727437674]
Testing loses: [0.06959116606672934, 0.06567919451343127, 0.06313066812586193, 0.06564745725679004, 0.09368875105518941, 0.048716805444276035, 0.07643037640358791, 0.046738741565341795, 0.08244721258967376, 0.19676951435971854, 0.2173075340996104, 0.2192820911565103, 0.1956788488656036, 0.023714696572831838, 0.05918333377719911, 0.01770245049856911, 0.0415212879003572, 0.2749959654059292, 0.013795520248245602, 0.05201441714586305, 0.08231411246228809, 0.11626981161842663, 0.07379268393043645, 0.030821175614664378, 0.021242504954830675, 0.026473751122301274, 0.015596530423307222, 0.1134079246481588, 0.16495203577782497, 0.0940211900502197]










              precision    recall  f1-score   support

           0       0.00      0.00      0.00        18
           1       1.00      0.53      0.69        85
           2       0.52      1.00      0.68        63

    accuracy                           0.65       166
   macro avg       0.51      0.51      0.46       166
weighted avg       0.71      0.65      0.61       166

