Training accuracies: [54.10691003911343, 59.84354628422425, 62.05997392438071, 72.22946544980444, 74.44589308996089, 71.96870925684485, 79.00912646675359, 82.13820078226858, 80.4432855280313, 82.00782268578878, 81.22555410691004, 86.44067796610169, 85.00651890482399, 86.17992177314211]
Testing accuracies: [52.40963855421687, 60.24096385542169, 62.65060240963855, 82.53012048192771, 62.04819277108434, 64.4578313253012, 81.32530120481928, 84.93975903614458, 84.93975903614458, 46.3855421686747, 85.5421686746988, 86.74698795180723, 77.10843373493977]
Validation accuracies: [54.8780487804878, 58.53658536585366, 67.07317073170732, 82.3170731707317, 64.02439024390245, 62.19512195121951, 79.8780487804878, 79.26829268292683, 85.97560975609755, 53.048780487804876, 84.7560975609756, 81.09756097560975, 76.21951219512195, 87.8048780487805]
Training loses: [0.019247655627421208, 0.01856686322328945, 0.017438201130264334, 0.014743655014576184, 0.013551752367574306, 0.014319607923324736, 0.011826717598725937, 0.009933329879357997, 0.010622855204726674, 0.010122732705591867, 0.009145127893942926, 0.0077702511722842855, 0.008515432224764178, 0.007720399065874517]
Validation loses: [0.08404092207427852, 0.07796695951587897, 0.06804202065980139, 0.04400929192866176, 0.07119177589731768, 0.07252540667194965, 0.042308183740978396, 0.041801655957521486, 0.026959236772838704, 0.1262739059353663, 0.0326772180101103, 0.03688322734241643, 0.041639428724311596, 0.030295980986484814]
Testing loses: [0.08778159037109248, 0.08029882868459402, 0.07699232997973103, 0.045796200017298554, 0.07549994913014499, 0.06634487224019264, 0.04061063335946769, 0.03915153259088185, 0.03386106656109991, 0.13058732363803327, 0.03671107656699567, 0.03231255229839609, 0.04522724264909413]










              precision    recall  f1-score   support

           0       0.00      0.00      0.00        18
           1       0.77      1.00      0.87        85
           2       0.78      0.68      0.73        63

    accuracy                           0.77       166
   macro avg       0.52      0.56      0.53       166
weighted avg       0.69      0.77      0.72       166

