Training accuracies: [79.26988265971316, 84.48500651890483, 83.70273794002608, 86.17992177314211, 81.7470664928292, 85.65840938722295, 87.35332464146023, 89.30899608865711, 90.22164276401564, 89.96088657105607, 88.65710560625814, 85.65840938722295, 88.65710560625814, 88.13559322033899, 89.04823989569752, 88.26597131681878, 90.35202086049544, 92.69882659713168, 92.69882659713168, 92.69882659713168, 94.13298565840938, 94.0026075619296, 93.74185136897002, 94.39374185136897, 96.34941329856584, 94.91525423728814, 95.17601043024771, 97.52281616688397, 97.39243807040417, 97.13168187744459]
Testing accuracies: [53.01204819277108, 52.40963855421687, 80.12048192771084, 70.48192771084338, 55.42168674698795, 83.13253012048193, 69.87951807228916, 92.7710843373494, 71.6867469879518, 60.24096385542169, 62.65060240963855, 68.67469879518072, 56.024096385542165, 87.34939759036145, 53.6144578313253, 43.373493975903614, 92.16867469879519, 91.56626506024097, 92.16867469879519, 93.37349397590361, 93.97590361445783, 92.16867469879519, 93.97590361445783, 93.97590361445783, 93.97590361445783, 93.97590361445783, 95.18072289156626, 94.57831325301204, 96.3855421686747, 96.98795180722891]
Validation accuracies: [54.26829268292683, 51.829268292682926, 83.53658536585365, 71.34146341463415, 53.65853658536585, 82.92682926829268, 69.51219512195122, 89.02439024390245, 74.39024390243902, 60.97560975609756, 62.80487804878049, 66.46341463414635, 53.65853658536585, 85.97560975609755, 54.26829268292683, 42.68292682926829, 87.1951219512195, 89.63414634146342, 89.02439024390245, 89.63414634146342, 91.46341463414635, 91.46341463414635, 92.07317073170732, 93.29268292682927, 92.6829268292683, 93.90243902439025, 92.6829268292683, 94.51219512195122, 91.46341463414635, 92.6829268292683]
Training loses: [0.0083429938008016, 0.005167284380554015, 0.006033205909059486, 0.004134596529183909, 0.006270648007759721, 0.004519825345293309, 0.0033277742687561032, 0.0024245616938666594, 0.0021265502930166097, 0.002386576804080202, 0.0029727897373150983, 0.004087087115395763, 0.002987463587083362, 0.00315364600747772, 0.002667771371003861, 0.0036788433288974273, 0.002417373183157502, 0.0016271782296826132, 0.0015557305378024466, 0.0015043117386489434, 0.0012902363584241054, 0.001213138374522613, 0.00152318156324327, 0.001227909423202315, 0.0009119182886934141, 0.0012550856962560727, 0.0012006713997026156, 0.0007549139326228113, 0.0008203812740248395, 0.0007674698004444103]
Validation loses: [0.1560358887861583, 1.0928843238136985, 0.024826622452617676, 0.07982459886014953, 0.5597445235764685, 0.026405258554472656, 0.06325760779301982, 0.011094680723680321, 0.0690767701007118, 0.11490557940045663, 0.10419301134495695, 0.09757824131279938, 0.3273915259306096, 0.017092144655540955, 0.5718797967453634, 0.5007786396121191, 0.012777258403414538, 0.009868514516260014, 0.009117909072136337, 0.009775465111871643, 0.009156145382968878, 0.007306163534060244, 0.00831405860025528, 0.008229305811826725, 0.0064372899980584455, 0.008123262296623189, 0.005710590578815785, 0.0056625927629118614, 0.00849140941911985, 0.007288666126464516]
Testing loses: [0.17087394836520362, 1.159673946948091, 0.030236302451653915, 0.06557370328213558, 0.598358101096035, 0.02769737733789712, 0.05888468125634942, 0.007345961068164219, 0.0634353626365504, 0.13192919019825203, 0.116770778313156, 0.11400009777920306, 0.30552245565682407, 0.015429359329633475, 0.6348734690138131, 0.553238068730378, 0.008468576976336724, 0.008467151406259575, 0.007479387881957795, 0.007276532286393248, 0.00578555594052165, 0.006873890522805867, 0.00675330480391329, 0.005935969077481711, 0.004425205652070933, 0.006391433210012096, 0.005572029728103767, 0.004903781322054258, 0.005000048357423795, 0.0032939858530640354]










              precision    recall  f1-score   support

           0       0.93      0.78      0.85        18
           1       1.00      1.00      1.00        85
           2       0.94      0.98      0.96        63

    accuracy                           0.97       166
   macro avg       0.96      0.92      0.94       166
weighted avg       0.97      0.97      0.97       166

