Training accuracies: [82.52933507170795, 85.91916558018254, 85.13689700130378, 85.52803129074316, 87.22294654498045, 86.17992177314211, 88.52672750977835, 91.26466753585397, 94.65449804432855, 94.26336375488918, 91.26466753585397, 89.83050847457628, 92.4380704041721, 91.26466753585397, 92.95958279009126, 94.0026075619296, 96.74054758800521, 98.17470664928292, 98.04432855280312, 99.21773142112126, 98.69621903520209, 99.08735332464146, 98.82659713168188, 99.73924380704042, 99.60886571056062, 99.73924380704042, 99.73924380704042, 99.47848761408083, 100.0, 99.34810951760105]
Testing accuracies: [87.34939759036145, 88.55421686746988, 74.09638554216868, 89.1566265060241, 84.33734939759036, 90.96385542168674, 89.75903614457832, 91.56626506024097, 95.18072289156626, 92.16867469879519, 75.3012048192771, 93.97590361445783, 89.1566265060241, 81.92771084337349, 90.36144578313252, 87.95180722891567, 95.78313253012048, 96.3855421686747, 94.57831325301204, 96.98795180722891, 96.3855421686747, 99.39759036144578, 96.98795180722891, 99.39759036144578, 97.59036144578313, 97.59036144578313, 97.59036144578313, 99.39759036144578, 98.79518072289157, 98.19277108433735]
Validation accuracies: [83.53658536585365, 87.1951219512195, 69.51219512195122, 87.8048780487805, 82.92682926829268, 89.02439024390245, 87.8048780487805, 92.07317073170732, 93.29268292682927, 88.41463414634147, 69.51219512195122, 90.2439024390244, 88.41463414634147, 85.97560975609755, 87.1951219512195, 87.8048780487805, 94.51219512195122, 96.34146341463415, 95.73170731707317, 96.95121951219512, 97.5609756097561, 96.95121951219512, 96.34146341463415, 98.17073170731707, 96.34146341463415, 95.73170731707317, 96.95121951219512, 97.5609756097561, 96.34146341463415, 96.95121951219512]
Training loses: [0.010054577769349432, 0.005998529016829303, 0.005994772648490552, 0.006041607877705246, 0.0046939630022582906, 0.005632095570844185, 0.0036379553542550034, 0.00292739118877863, 0.0015747096493012374, 0.0021339731194732143, 0.004234343223894636, 0.0033666603234855253, 0.0022281059759229212, 0.0027621894575228603, 0.00261999911890598, 0.003540671599492069, 0.0016575971696713371, 0.000700909021462495, 0.0006863134583707304, 0.0005285544608442351, 0.0005391789549725621, 0.0005044938532389804, 0.0007017586186621985, 0.00026417026144069194, 0.0003710220559393444, 0.00019504885080500066, 0.00024370837925542018, 0.0005080559245066575, 0.00019597778906346424, 0.0003630749732413581]
Validation loses: [0.02545245549033496, 0.01369873186080786, 0.055760021052084684, 0.0135144916620906, 0.023941693499430337, 0.017270210422267597, 0.021179431891848125, 0.008519437512833133, 0.012232545732412147, 0.012200812996299708, 0.0583505352173955, 0.008890836140042756, 0.013838496348771627, 0.033829739609779405, 0.02175416797399521, 0.02811832934578189, 0.006372063506581274, 0.004497655281558448, 0.006087665844055409, 0.0037477724504279943, 0.0035741161440801233, 0.004425928387733192, 0.0044319605243619345, 0.003088330493723754, 0.004765179107072214, 0.006182510270752745, 0.0048084553584712844, 0.004894172314710555, 0.00657793934228984, 0.005281725985095221]
Testing loses: [0.016211565276069092, 0.01231432115766874, 0.0436417992449989, 0.01046722642461623, 0.02570348596277316, 0.0164431318763859, 0.023313025028006105, 0.007023871914783785, 0.00846622174621121, 0.008885453832297286, 0.05347361175481938, 0.006582742487657662, 0.012354396332213115, 0.04072110404160397, 0.01687835440162785, 0.026398064768757702, 0.006029890188254602, 0.004470802081579512, 0.005006507025600588, 0.003710134420543909, 0.004592624508337049, 0.0018798495827566, 0.0031016116984927456, 0.0015876562563579314, 0.0033400002765961857, 0.0034028395687129872, 0.0023544935527842585, 0.0019737365078334964, 0.0028948921148380462, 0.002087972395329867]










              precision    recall  f1-score   support

           0       1.00      0.83      0.91        18
           1       1.00      1.00      1.00        85
           2       0.95      1.00      0.98        63

    accuracy                           0.98       166
   macro avg       0.98      0.94      0.96       166
weighted avg       0.98      0.98      0.98       166

