Training accuracies: [80.70404172099087, 85.91916558018254, 86.83181225554107, 86.44067796610169, 84.61538461538461, 84.22425032594523, 87.22294654498045, 85.52803129074316, 86.3102998696219, 87.35332464146023, 87.8748370273794, 88.13559322033899, 84.35462842242504, 86.3102998696219, 84.48500651890483, 87.8748370273794, 87.48370273794002, 87.48370273794002, 87.61408083441982, 88.00521512385919, 86.3102998696219, 87.74445893089961, 89.83050847457628, 91.26466753585397, 91.65580182529335, 90.22164276401564, 88.39634941329857, 89.56975228161669, 90.35202086049544, 92.82920469361147]
Testing accuracies: [57.2289156626506, 89.1566265060241, 57.2289156626506, 69.87951807228916, 54.21686746987952, 85.5421686746988, 87.34939759036145, 48.19277108433735, 88.55421686746988, 87.34939759036145, 85.5421686746988, 67.46987951807229, 59.63855421686747, 75.3012048192771, 84.93975903614458, 88.55421686746988, 86.144578313253, 84.33734939759036, 89.1566265060241, 74.09638554216868, 86.74698795180723, 88.55421686746988, 89.75903614457832, 89.75903614457832, 90.96385542168674, 87.34939759036145, 76.50602409638554, 90.36144578313252, 93.37349397590361, 92.16867469879519]
Validation accuracies: [55.48780487804878, 85.97560975609755, 57.31707317073171, 61.58536585365854, 53.65853658536585, 84.14634146341463, 85.36585365853658, 53.048780487804876, 86.58536585365853, 87.1951219512195, 85.97560975609755, 68.90243902439025, 55.48780487804878, 75.60975609756098, 86.58536585365853, 87.8048780487805, 84.7560975609756, 81.70731707317073, 87.8048780487805, 78.04878048780488, 82.3170731707317, 88.41463414634147, 88.41463414634147, 87.1951219512195, 88.41463414634147, 85.36585365853658, 73.17073170731707, 89.63414634146342, 89.63414634146342, 89.63414634146342]
Training loses: [0.007230383211410501, 0.004227859388467752, 0.0033929327142282594, 0.003916775585417377, 0.006130253516958974, 0.005224928447407567, 0.0033271320943539548, 0.004412155159419247, 0.003631344465247821, 0.0031106360054561975, 0.0025180797064321167, 0.002482802567909756, 0.005295813221083436, 0.0035196448621314224, 0.0053198098539724015, 0.0032032458257162943, 0.003075590073422063, 0.0029140825524033667, 0.00278967484013669, 0.0025842373514832514, 0.003952858290479829, 0.0029002799128647894, 0.001972929526851254, 0.0015108003345732058, 0.0015451326265368455, 0.0020247859578780155, 0.0024204949942132872, 0.00203571487024116, 0.0018056469177988926, 0.0013939482889529448]
Validation loses: [1.8540738318577288, 0.016644760504488116, 0.21338821836739533, 0.12231938454730451, 2.9161464911847075, 0.027321129421557278, 0.02184146864355103, 0.3068650330393768, 0.015035361297834265, 0.016581415083290016, 0.02128430154205354, 0.15501796140158472, 0.2726804579585052, 0.10531852006068611, 0.014199477181700636, 0.011767987636195049, 0.02484065275023545, 0.029859026847792066, 0.010394257545271072, 0.12085797788024723, 0.041922676661783016, 0.012205789401430456, 0.013346632955350391, 0.017219691113992172, 0.01401812903114953, 0.024646482207188923, 0.04201735753165789, 0.008442048324686466, 0.008310340529576497, 0.008982678792690872]
Testing loses: [1.7284193945325113, 0.013730556126837889, 0.16226000874495702, 0.08952073445004866, 2.9422267409395584, 0.021083211356943302, 0.018791061849140926, 0.35016115243769874, 0.011872353971250787, 0.011707675928049837, 0.018951401976514456, 0.1813889741897583, 0.2763796276297451, 0.1562712426520576, 0.02596311840759821, 0.011055045568745984, 0.028352398548490743, 0.02566457632159399, 0.008650077306780933, 0.05890712733111106, 0.03720815270400244, 0.009963008936894826, 0.0082123060980119, 0.0107786366023308, 0.008208458027071205, 0.01219611688832606, 0.03457401926852455, 0.006093174696338078, 0.005723942686949879, 0.006306130350528916]










              precision    recall  f1-score   support

           0       0.86      0.33      0.48        18
           1       1.00      1.00      1.00        85
           2       0.84      0.98      0.91        63

    accuracy                           0.92       166
   macro avg       0.90      0.77      0.80       166
weighted avg       0.92      0.92      0.91       166

