Training accuracies: [52.672750977835726, 65.97131681877444, 69.36114732724903, 75.09778357235984, 74.3155149934811, 80.4432855280313, 78.6179921773142, 76.40156453715775, 74.05475880052151, 76.40156453715775, 74.57627118644068, 73.92438070404172, 75.88005215123859, 78.09647979139504, 76.01043024771839, 78.8787483702738, 80.3129074315515, 80.57366362451108, 81.877444589309, 83.57235984354628, 83.05084745762711, 83.57235984354628, 85.13689700130378, 83.3116036505867, 86.17992177314211, 85.00651890482399, 85.91916558018254, 88.91786179921773, 86.83181225554107, 88.13559322033899]
Testing accuracies: [63.25301204819277, 68.07228915662651, 71.08433734939759, 77.71084337349397, 83.73493975903614, 83.73493975903614, 77.10843373493977, 78.3132530120482, 75.3012048192771, 83.73493975903614, 71.6867469879518, 81.92771084337349, 82.53012048192771, 80.72289156626506, 85.5421686746988, 89.1566265060241, 86.74698795180723, 90.96385542168674, 87.34939759036145, 90.36144578313252, 90.36144578313252, 87.34939759036145, 89.1566265060241, 92.16867469879519, 91.56626506024097, 93.37349397590361, 92.16867469879519, 93.97590361445783, 95.18072289156626, 90.96385542168674]
Validation accuracies: [67.07317073170732, 74.39024390243902, 74.39024390243902, 80.48780487804878, 82.92682926829268, 84.14634146341463, 85.36585365853658, 81.09756097560975, 79.8780487804878, 79.26829268292683, 74.39024390243902, 82.3170731707317, 81.09756097560975, 78.04878048780488, 80.48780487804878, 87.8048780487805, 85.36585365853658, 84.7560975609756, 88.41463414634147, 91.46341463414635, 89.02439024390245, 90.85365853658537, 89.63414634146342, 89.63414634146342, 88.41463414634147, 90.85365853658537, 90.85365853658537, 90.85365853658537, 92.6829268292683, 92.07317073170732]
Training loses: [0.259517348681887, 0.045424721798756056, 0.01917032148533811, 0.01425617806509965, 0.013320252674424814, 0.010838652863943329, 0.010193163716596449, 0.01152245030971244, 0.011785327954890413, 0.012498236241905639, 0.012102622396519614, 0.013956570913756473, 0.011540878512379197, 0.010459064092073174, 0.010351892366694907, 0.008394906620701982, 0.008484159871133873, 0.007692811118128399, 0.00790022591051335, 0.007318254957984512, 0.00801362936423781, 0.006935376492846344, 0.006121012584319235, 0.006966972943498856, 0.006586351829658573, 0.0063417111814487725, 0.006066165589598111, 0.00529615898267366, 0.005719333751130762, 0.005457008270443314]
Validation loses: [0.08377247506921942, 0.051841221318757236, 0.05186046598371396, 0.03648990934545344, 0.0337876671355618, 0.03176264926668041, 0.033342504473634, 0.04340552618680907, 0.03510070987014977, 0.050282262819857634, 0.053452888463262065, 0.03834066927925614, 0.04434067170974637, 0.03873653716045963, 0.0341511256434793, 0.030370697009661964, 0.026284714442031256, 0.030673702629157997, 0.023532982812573832, 0.02252458466971216, 0.021743770438383048, 0.020817592307109355, 0.021518083184876687, 0.0220759393462588, 0.019668348130677665, 0.019788299235977108, 0.021021577137068283, 0.01936868363067754, 0.018269618324673744, 0.0195214339216386]
Testing loses: [0.09385170424280087, 0.06468273268258276, 0.06484191772366359, 0.04829735536713245, 0.03888898053445106, 0.03872368897288299, 0.050209929381520295, 0.04994896817798456, 0.04876246432627528, 0.042982096268125804, 0.060024685110927616, 0.038750584829937325, 0.0389197260633973, 0.04048727169509762, 0.03540328551422466, 0.036915962237957095, 0.033639861286179094, 0.032612038914822346, 0.03287564759904688, 0.02964105401649948, 0.02805203950602161, 0.025491370827205907, 0.024338740455217597, 0.020171959353379967, 0.023169686910042096, 0.017776534515471495, 0.022920135193127245, 0.019708506208806, 0.01677523374803795, 0.01901871470873021]










              precision    recall  f1-score   support

           0       0.92      0.61      0.73        18
           1       0.95      0.96      0.96        85
           2       0.85      0.92      0.89        63

    accuracy                           0.91       166
   macro avg       0.91      0.83      0.86       166
weighted avg       0.91      0.91      0.91       166

