Training accuracies: [51.76010430247718, 65.71056062581486, 70.40417209908735, 73.40286831812256, 75.88005215123859, 76.14080834419818, 73.40286831812256, 75.88005215123859, 75.35853976531942]
Testing accuracies: [62.65060240963855, 74.6987951807229, 75.90361445783132, 78.91566265060241, 75.90361445783132, 76.50602409638554, 75.3012048192771, 78.91566265060241]
Validation accuracies: [71.95121951219512, 78.04878048780488, 76.82926829268293, 85.36585365853658, 84.7560975609756, 76.82926829268293, 79.26829268292683, 79.26829268292683, 71.34146341463415]
Training loses: [0.33648143160260385, 0.03292320798047715, 0.016493705437622137, 0.013749752400649918, 0.012514204853990426, 0.013673653256975941, 0.012503235549148587, 0.012846403567689575, 0.012412655907812424]
Validation loses: [0.09021080119058121, 0.04259350243186163, 0.049385732978828686, 0.035222906542341566, 0.03690250119394507, 0.049207392187157944, 0.04426576997622971, 0.042531637613438374, 0.0486216601754023]
Testing loses: [0.10710832846066184, 0.0487439607785753, 0.049368880627569084, 0.044898721797407164, 0.04605882522488429, 0.052650104130595184, 0.050200433524186946, 0.043346375965875046]










              precision    recall  f1-score   support

           0       0.00      0.00      0.00        18
           1       0.84      0.91      0.87        85
           2       0.74      0.86      0.79        63

    accuracy                           0.79       166
   macro avg       0.53      0.59      0.55       166
weighted avg       0.71      0.79      0.75       166

