Training accuracies: [50.19556714471969, 59.32203389830509, 67.27509778357236, 71.83833116036506, 76.27118644067797, 75.09778357235984, 77.18383311603651, 75.61929595827901, 79.26988265971316, 78.6179921773142, 81.35593220338983, 83.05084745762711, 81.09517601043025, 82.39895697522816, 80.05215123859192, 83.70273794002608, 81.877444589309, 82.39895697522816, 83.83311603650587, 85.26727509778357, 79.26988265971316, 83.70273794002608, 84.09387222946545, 84.61538461538461, 85.13689700130378, 86.3102998696219, 84.48500651890483, 86.70143415906128, 88.52672750977835, 85.13689700130378]
Testing accuracies: [59.036144578313255, 71.08433734939759, 74.09638554216868, 78.3132530120482, 77.10843373493977, 77.10843373493977, 83.13253012048193, 75.3012048192771, 84.93975903614458, 85.5421686746988, 84.33734939759036, 83.73493975903614, 83.73493975903614, 84.33734939759036, 85.5421686746988, 83.73493975903614, 83.73493975903614, 83.73493975903614, 84.93975903614458, 82.53012048192771, 84.33734939759036, 86.74698795180723, 86.144578313253, 81.32530120481928, 86.144578313253, 87.34939759036145, 85.5421686746988, 84.93975903614458, 86.144578313253, 87.34939759036145]
Validation accuracies: [63.41463414634146, 76.21951219512195, 77.4390243902439, 78.65853658536585, 80.48780487804878, 78.65853658536585, 81.09756097560975, 82.92682926829268, 82.3170731707317, 83.53658536585365, 82.3170731707317, 82.3170731707317, 85.36585365853658, 81.70731707317073, 85.97560975609755, 84.7560975609756, 84.7560975609756, 87.1951219512195, 87.8048780487805, 82.3170731707317, 83.53658536585365, 88.41463414634147, 88.41463414634147, 83.53658536585365, 89.63414634146342, 87.1951219512195, 86.58536585365853, 89.02439024390245, 87.8048780487805, 86.58536585365853]
Training loses: [0.14760595208240881, 0.022828429989102814, 0.017769433570922248, 0.014790456528620174, 0.012519324825714447, 0.011932014274255684, 0.011343727855192913, 0.011345325231862565, 0.010762554567514194, 0.011238577892072499, 0.009716078347992152, 0.008058324456214905, 0.009849174801881114, 0.008464133373409923, 0.009152326215472486, 0.008328484662342817, 0.009266004173292054, 0.008373726796384694, 0.0077328687055139905, 0.007121392642147839, 0.009743679667331485, 0.007685105012367583, 0.007804457602712016, 0.0077684679579558885, 0.007550888568706189, 0.006385220833989378, 0.007378547452390194, 0.0063797126931604, 0.005551561420563505, 0.006586823555860772]
Validation loses: [0.07886040604804173, 0.055291847256589526, 0.05240223476709413, 0.04305440778574668, 0.0431436727608531, 0.039397313605901624, 0.03699398225496623, 0.03942740169807899, 0.03513104431639033, 0.03630250058144577, 0.03668570900258939, 0.030496117989879012, 0.027628283178018145, 0.032752532973762384, 0.029837658336339903, 0.02981000666098654, 0.033386980391238344, 0.027568064229793784, 0.02832541891088909, 0.03736115351688763, 0.03838161637714087, 0.023961139057786015, 0.025356287244430255, 0.03229538816188978, 0.021403495499417804, 0.02368115337203788, 0.025973545741443792, 0.021634937521870717, 0.02137282229228761, 0.02344597593596405]
Testing loses: [0.0908486823405116, 0.06209803760544328, 0.061817439134455913, 0.0499170359747469, 0.051353837340331276, 0.045885026208625355, 0.04097152199626954, 0.048029890976661486, 0.035174701578360945, 0.0396053291056767, 0.038968281558722506, 0.0369984096239421, 0.032157306459324415, 0.036299200836291984, 0.02868998881952822, 0.03339286357903284, 0.03229299643315559, 0.02842589387716341, 0.029058598289805008, 0.03314929338526135, 0.03865339514637781, 0.023293192967895636, 0.026162730021910233, 0.03832152572052538, 0.023093397829158247, 0.02236447858908945, 0.026803012352344415, 0.029246520404973306, 0.02133168760410025, 0.02433333034850349]










              precision    recall  f1-score   support

           0       1.00      0.22      0.36        18
           1       0.92      0.98      0.95        85
           2       0.81      0.92      0.86        63

    accuracy                           0.87       166
   macro avg       0.91      0.71      0.72       166
weighted avg       0.89      0.87      0.85       166

