Training accuracies: [48.761408083441985, 58.80052151238592, 64.79791395045632, 67.53585397653194, 64.66753585397653, 67.66623207301173, 68.3181225554107, 69.88265971316818, 70.01303780964798, 69.75228161668839, 65.97131681877444, 65.05867014341591, 64.92829204693612, 69.88265971316818, 68.3181225554107, 69.23076923076923, 72.22946544980444, 71.83833116036506, 70.27379400260756, 72.6205997392438, 72.88135593220339, 74.83702737940025, 73.92438070404172, 74.05475880052151, 75.22816166883963, 74.1851368970013, 74.44589308996089, 76.53194263363756, 75.09778357235984, 76.14080834419818]
Testing accuracies: [63.25301204819277, 69.87951807228916, 71.6867469879518, 74.09638554216868, 75.3012048192771, 77.71084337349397, 72.89156626506023, 79.51807228915662, 75.3012048192771, 77.10843373493977, 70.48192771084338, 65.66265060240964, 75.90361445783132, 78.3132530120482, 78.3132530120482, 77.10843373493977, 80.12048192771084, 79.51807228915662, 80.12048192771084, 79.51807228915662, 80.12048192771084, 80.72289156626506, 81.32530120481928, 79.51807228915662, 78.91566265060241, 81.92771084337349, 81.32530120481928, 80.12048192771084, 81.32530120481928, 81.32530120481928]
Validation accuracies: [77.4390243902439, 73.78048780487805, 79.26829268292683, 75.60975609756098, 79.8780487804878, 79.26829268292683, 78.65853658536585, 79.8780487804878, 76.21951219512195, 79.8780487804878, 74.39024390243902, 71.34146341463415, 76.21951219512195, 76.21951219512195, 75.60975609756098, 76.21951219512195, 78.04878048780488, 78.04878048780488, 79.8780487804878, 79.26829268292683, 78.65853658536585, 78.65853658536585, 81.09756097560975, 81.09756097560975, 80.48780487804878, 79.8780487804878, 79.26829268292683, 80.48780487804878, 80.48780487804878, 77.4390243902439]
Training loses: [0.510348355708023, 0.07512232741444476, 0.02223035055471377, 0.019712421525683668, 0.02030793468778332, 0.020970791371332273, 0.01636989740654826, 0.018295847345143557, 0.016312152017942734, 0.016206765327499144, 0.01715033738097797, 0.016877027034449082, 0.015854858482877415, 0.015007043334965905, 0.014792116333006157, 0.014303299119799502, 0.013647532620881168, 0.013894327877399823, 0.01398031139332387, 0.013797974485593537, 0.013476225094766252, 0.013229395844973624, 0.013258210202265116, 0.01322770438208762, 0.01261124710759355, 0.013244809556959404, 0.014338095543078251, 0.012282335406376256, 0.012923180280874172, 0.01226244141192486]
Validation loses: [0.29312981306228275, 0.06263981279262826, 0.05377737352670717, 0.061164457443331884, 0.04921595666034163, 0.05720558319210021, 0.05242867287525461, 0.05034724875422549, 0.0575608171999824, 0.05164658924764838, 0.05286907734087676, 0.06052028221532333, 0.05396972288770124, 0.054978369681303166, 0.05364665068870733, 0.05457526777894044, 0.0536219418541459, 0.052789373585015294, 0.05096579065992812, 0.05078787190362442, 0.04870971144477198, 0.05186227616692378, 0.0491788749359856, 0.047432375994841916, 0.05012181733757996, 0.04962079571790932, 0.0484787125048066, 0.04869325939288809, 0.04792802466833887, 0.049059529688732686]
Testing loses: [0.3586349556268739, 0.06737508606319585, 0.05810742264936779, 0.06869519865217287, 0.057736422651070214, 0.054086776558032706, 0.05372138309084679, 0.053553848227193536, 0.057856283404610374, 0.056339312437152074, 0.06336194399959784, 0.06652957619714343, 0.05555598819551389, 0.05459178257579645, 0.05305559034189902, 0.05680003860765252, 0.0544768731948758, 0.0551308913171784, 0.05139418845334329, 0.050289556260936515, 0.05090175950822751, 0.05019823357093433, 0.04877789848106951, 0.049048580660307706, 0.04972038436527094, 0.04719874669205059, 0.04687037965482917, 0.04858498804825396, 0.04816225244979228, 0.047141586946061825]










              precision    recall  f1-score   support

           0       0.00      0.00      0.00        18
           1       0.91      0.92      0.91        85
           2       0.71      0.90      0.80        63

    accuracy                           0.81       166
   macro avg       0.54      0.61      0.57       166
weighted avg       0.73      0.81      0.77       166

