Training accuracies: [55.67144719687093, 65.84093872229465, 72.88135593220339, 74.3155149934811, 79.66101694915254, 82.00782268578878, 84.09387222946545, 85.00651890482399, 86.96219035202085, 87.61408083441982, 88.13559322033899, 90.61277705345502, 89.96088657105607, 90.8735332464146, 91.65580182529335, 91.13428943937419, 91.13428943937419, 92.04693611473273, 93.48109517601043, 93.22033898305085, 91.91655801825293, 93.74185136897002, 93.48109517601043, 95.30638852672752, 95.69752281616688, 96.870925684485, 95.5671447196871, 96.74054758800521, 97.39243807040417, 97.78357235984355]
Testing accuracies: [67.46987951807229, 83.73493975903614, 78.3132530120482, 73.49397590361446, 81.92771084337349, 84.93975903614458, 88.55421686746988, 88.55421686746988, 91.56626506024097, 91.56626506024097, 89.75903614457832, 90.36144578313252, 93.37349397590361, 90.96385542168674, 92.7710843373494, 88.55421686746988, 92.7710843373494, 94.57831325301204, 96.3855421686747, 95.18072289156626, 90.96385542168674, 92.16867469879519, 93.97590361445783, 96.3855421686747, 96.3855421686747, 94.57831325301204, 96.3855421686747, 98.19277108433735, 95.78313253012048, 96.98795180722891]
Validation accuracies: [70.73170731707317, 82.3170731707317, 78.65853658536585, 79.8780487804878, 78.65853658536585, 85.97560975609755, 83.53658536585365, 87.8048780487805, 89.02439024390245, 85.97560975609755, 87.1951219512195, 90.85365853658537, 93.90243902439025, 91.46341463414635, 92.07317073170732, 90.85365853658537, 91.46341463414635, 90.85365853658537, 94.51219512195122, 95.1219512195122, 94.51219512195122, 89.63414634146342, 92.6829268292683, 95.73170731707317, 95.1219512195122, 93.90243902439025, 95.73170731707317, 95.1219512195122, 96.95121951219512, 96.34146341463415]
Training loses: [0.03983669580581287, 0.02076588887980001, 0.013832124687420825, 0.013123675307724625, 0.010864791227504611, 0.009782386626789553, 0.008313051447556872, 0.007629996880293927, 0.006533753068652004, 0.005675119572616596, 0.006148983116468622, 0.0053352523876431706, 0.005167996428402451, 0.004697705429862253, 0.00458989841152086, 0.004897243141992173, 0.00465911364153726, 0.004129445401809385, 0.0033798093128199172, 0.0037053867401684528, 0.004153031576101461, 0.0030696752158595095, 0.0037154005157289146, 0.002662281671493676, 0.002771510969574188, 0.0019788476189811868, 0.002380549977361726, 0.0021076320386378537, 0.001746851402761725, 0.001500333576687909]
Validation loses: [0.06225327691756004, 0.03976207072577201, 0.045449383125817484, 0.04272889419774379, 0.03864795893184409, 0.03303245781374372, 0.030194098052899698, 0.02449109987163347, 0.02457051884290601, 0.026965640954796442, 0.02597288417144994, 0.021041722029201255, 0.018673252499054285, 0.019006925796674304, 0.018459247063445157, 0.019122288139028984, 0.0184523688152063, 0.01726442350705793, 0.012392183311653038, 0.014717107638716698, 0.01721711978624182, 0.01980203678562067, 0.016394612325493954, 0.015358980416516536, 0.01312282319326908, 0.017302130572189968, 0.01309658768625299, 0.01064389540375141, 0.011597749725184287, 0.013643022241794374]
Testing loses: [0.0743817191971235, 0.04462797434861995, 0.05296524447843063, 0.05153795116203875, 0.03930030898614363, 0.03064857152375308, 0.029398770987494917, 0.026942751501217364, 0.02249539452643434, 0.02283616856602598, 0.02560550294631769, 0.018371961333534935, 0.018803251029785015, 0.01700740590814717, 0.017905012542797513, 0.022747292160248955, 0.019764156073085532, 0.013766562427617302, 0.011945851177962359, 0.017167739031359184, 0.018492807357087113, 0.014749146389875038, 0.013837790870962064, 0.009123026416444581, 0.008331375539087313, 0.016799391532116684, 0.009384442151578005, 0.006608544052232149, 0.01097871281576058, 0.009786421633210064]










              precision    recall  f1-score   support

           0       1.00      0.94      0.97        18
           1       0.98      0.98      0.98        85
           2       0.95      0.97      0.96        63

    accuracy                           0.97       166
   macro avg       0.98      0.96      0.97       166
weighted avg       0.97      0.97      0.97       166

