Training accuracies: [58.01825293350717, 71.96870925684485, 73.53324641460235, 74.1851368970013, 72.88135593220339, 76.27118644067797, 76.27118644067797, 78.74837027379401, 79.53063885267275, 84.61538461538461, 74.57627118644068, 78.09647979139504, 85.13689700130378, 85.26727509778357, 84.61538461538461, 82.65971316818775, 87.22294654498045, 89.4393741851369, 90.22164276401564, 87.74445893089961, 85.52803129074316, 86.57105606258149, 86.70143415906128, 88.52672750977835, 90.74315514993481, 87.09256844850066, 92.17731421121252, 92.3076923076923, 93.74185136897002, 92.5684485006519]
Testing accuracies: [69.27710843373494, 66.86746987951807, 67.46987951807229, 66.86746987951807, 71.6867469879518, 73.49397590361446, 71.6867469879518, 74.6987951807229, 80.72289156626506, 78.91566265060241, 82.53012048192771, 80.12048192771084, 84.93975903614458, 79.51807228915662, 76.50602409638554, 80.72289156626506, 80.12048192771084, 86.144578313253, 87.95180722891567, 83.13253012048193, 83.73493975903614, 84.93975903614458, 86.144578313253, 83.13253012048193, 87.95180722891567, 86.144578313253, 86.74698795180723, 89.1566265060241, 90.96385542168674, 79.51807228915662]
Validation accuracies: [68.29268292682927, 71.34146341463415, 70.1219512195122, 73.17073170731707, 74.39024390243902, 68.90243902439025, 75.0, 75.60975609756098, 76.21951219512195, 81.70731707317073, 78.04878048780488, 77.4390243902439, 76.21951219512195, 75.60975609756098, 75.60975609756098, 77.4390243902439, 74.39024390243902, 82.3170731707317, 85.36585365853658, 83.53658536585365, 80.48780487804878, 82.3170731707317, 82.3170731707317, 82.92682926829268, 85.36585365853658, 84.14634146341463, 85.97560975609755, 86.58536585365853, 85.36585365853658, 85.36585365853658]
Training loses: [1.1256623755519588, 0.5742767996656318, 0.463087962380895, 0.42774384349791544, 0.4694969809070244, 0.39972840905858603, 0.38679181432558435, 0.24709034427198476, 0.2202709345923116, 0.13519708616917717, 0.4198322393414047, 0.31976670583632466, 0.20037805597168143, 0.19371761534223608, 0.17240664339300957, 0.23553412588646297, 0.13414558719923736, 0.11150544444201117, 0.07387970177971206, 0.1276996483794349, 0.4006133518948007, 0.3496254512030848, 0.28370594216834083, 0.16276422087038453, 0.07574087986277947, 0.11948703736379679, 0.07925929443573744, 0.07668600540852348, 0.05547477901755663, 0.0578667822604815]
Validation loses: [1.3672211229308577, 1.73594331692073, 1.7074187649183037, 1.3183153641125387, 1.16152775413857, 1.114792776009268, 0.7667119924194558, 0.7456806949976003, 0.6342751110975415, 0.4382896207057494, 1.2034409065877112, 0.9265735444943768, 0.927212646184874, 0.9618503505533392, 0.9141864096822796, 0.6767457910805694, 0.7524830621382421, 0.5693333838596817, 0.38786164320204874, 1.4701566010893252, 1.4757034309866357, 1.3382633303807785, 1.015513673300368, 0.5842124956452156, 0.41561707460190633, 0.7648932039627059, 0.6450507058030811, 0.5013661879645892, 0.3610308869811129, 0.42647207913195934]
Testing loses: [1.6622868924101524, 2.1522853551817334, 1.902674166624211, 2.1632200824327708, 1.207456266584475, 1.2241895198822021, 1.1912380407664402, 0.7314009873335027, 0.459778601473028, 0.46282446285909856, 0.7409759171245511, 0.7673013241392028, 0.4840513960389066, 0.7689594926912922, 0.7683633477234644, 0.6737655893830229, 0.8923135729860668, 0.5682309580243324, 0.3454587648291726, 1.582203881676532, 1.3320035047767576, 1.3398662539466462, 0.8531714198436456, 0.6776583936788941, 0.37162976286350946, 0.4833738104371, 0.4589692946554216, 0.29446493218506664, 0.1878976169183404, 0.5905943823254799]










              precision    recall  f1-score   support

           0       0.77      0.56      0.65        18
           1       0.98      0.74      0.85        85
           2       0.66      0.94      0.78        63

    accuracy                           0.80       166
   macro avg       0.81      0.74      0.76       166
weighted avg       0.84      0.80      0.80       166

