Training accuracies: [55.67144719687093, 73.01173402868318, 78.48761408083442, 81.61668839634942, 85.52803129074316, 84.61538461538461, 88.00521512385919, 88.65710560625814, 92.4380704041721, 87.74445893089961, 90.22164276401564, 93.35071707953064, 92.17731421121252, 90.48239895697523, 90.8735332464146, 93.35071707953064, 90.22164276401564, 91.13428943937419, 92.95958279009126, 91.52542372881356, 91.65580182529335, 92.5684485006519, 92.82920469361147, 95.5671447196871, 93.8722294654498, 94.91525423728814, 94.65449804432855, 93.08996088657105, 97.0013037809648, 97.13168187744459]
Testing accuracies: [73.49397590361446, 83.13253012048193, 83.13253012048193, 76.50602409638554, 80.72289156626506, 74.6987951807229, 90.96385542168674, 84.93975903614458, 81.32530120481928, 71.08433734939759, 90.36144578313252, 82.53012048192771, 84.93975903614458, 72.89156626506023, 91.56626506024097, 90.96385542168674, 80.72289156626506, 93.97590361445783, 90.96385542168674, 95.78313253012048, 72.89156626506023, 84.33734939759036, 85.5421686746988, 60.8433734939759, 89.1566265060241, 89.75903614457832, 86.74698795180723, 78.91566265060241, 90.36144578313252, 84.93975903614458]
Validation accuracies: [78.04878048780488, 82.3170731707317, 81.09756097560975, 74.39024390243902, 73.17073170731707, 70.73170731707317, 89.02439024390245, 85.97560975609755, 75.60975609756098, 70.73170731707317, 90.85365853658537, 76.21951219512195, 81.70731707317073, 72.5609756097561, 87.8048780487805, 89.63414634146342, 83.53658536585365, 89.63414634146342, 89.02439024390245, 95.73170731707317, 74.39024390243902, 81.09756097560975, 85.36585365853658, 57.926829268292686, 88.41463414634147, 85.97560975609755, 78.65853658536585, 76.82926829268293, 88.41463414634147, 79.26829268292683]
Training loses: [4.5278847387267485, 0.6544680125597451, 0.4236346532901128, 0.2725085714245918, 0.21533487188308856, 0.20933045160333588, 0.1176050800258286, 0.08977996948730531, 0.07833310011940191, 0.11725126850804045, 0.08029952365617672, 0.05172327309438505, 0.05232772436157292, 0.05322099767731034, 0.04923039074723354, 0.03322461771057233, 0.050676438108357695, 0.04917356989645808, 0.02791489896540407, 0.037276237613741756, 0.03234317482503559, 0.028284657840332825, 0.021025424186867, 0.011214870321905032, 0.024565214636092157, 0.01876655111925905, 0.020340668721451273, 0.035601961242687455, 0.009046050955185797, 0.004554328594841]
Validation loses: [2.3011667269670735, 1.1402070404084261, 0.7780793186061638, 1.377961910460606, 1.3160047077935588, 1.5076900099919848, 0.4232016358493773, 1.283601753044227, 1.0807430983698072, 1.2614897250731558, 0.24777296967003473, 0.8930092359121411, 0.5619132873440577, 1.191648741398961, 0.2216905270479925, 0.1789002382203822, 0.4795022798963815, 0.19850829898597253, 0.3365735872885228, 0.11430156174905774, 0.5155540180415654, 0.24970171606737718, 0.3445614320789149, 1.1733141654779102, 0.19738442160478148, 0.20605804130700714, 0.31590857289054175, 0.4707535387070711, 0.2009397016872829, 0.3009833939804519]
Testing loses: [2.4966257268732246, 0.8683089914400715, 0.8328489215413402, 1.0377847520280474, 0.7960286455706131, 0.9917588717927618, 0.22841903441110858, 1.3749597949429977, 0.8817795180092163, 1.068367384682017, 0.23724672659217738, 0.6465200678376127, 0.4790016378252959, 0.960790517901586, 0.08787022503468107, 0.2558640450075502, 0.2646563381325414, 0.15903496218419752, 0.1685556334034845, 0.04021239426003361, 0.7529924221275266, 0.3315890235249107, 0.31082263465755244, 0.9709078339505787, 0.14099413590900606, 0.18013211645951788, 0.17873119310406616, 0.3986638843520614, 0.1512078090516977, 0.2509190828658733]










              precision    recall  f1-score   support

           0       0.76      0.89      0.82        18
           1       1.00      0.74      0.85        85
           2       0.76      0.98      0.86        63

    accuracy                           0.85       166
   macro avg       0.84      0.87      0.84       166
weighted avg       0.88      0.85      0.85       166

