Training accuracies: [58.279009126466754, 71.31681877444589, 77.3142112125163, 80.4432855280313, 84.09387222946545, 83.18122555410692, 84.7457627118644, 88.13559322033899, 89.83050847457628, 87.48370273794002, 89.70013037809647, 91.39504563233376, 90.48239895697523, 91.52542372881356, 91.52542372881356, 95.4367666232073, 93.48109517601043]
Testing accuracies: [71.08433734939759, 71.6867469879518, 83.13253012048193, 77.10843373493977, 63.25301204819277, 65.06024096385542, 84.93975903614458, 77.10843373493977, 77.71084337349397, 85.5421686746988, 86.74698795180723, 80.12048192771084, 81.32530120481928, 79.51807228915662, 81.32530120481928, 77.10843373493977]
Validation accuracies: [74.39024390243902, 73.17073170731707, 79.8780487804878, 74.39024390243902, 68.29268292682927, 64.63414634146342, 79.8780487804878, 73.78048780487805, 75.60975609756098, 82.92682926829268, 82.3170731707317, 79.8780487804878, 78.65853658536585, 74.39024390243902, 82.92682926829268, 72.5609756097561, 71.95121951219512]
Training loses: [0.4859405260843535, 0.21667547684369814, 0.15874836005492118, 0.10898351472109985, 0.07742598462582369, 0.06913299715660955, 0.0786059038364966, 0.055717088229288926, 0.04542688487777601, 0.06414362174208539, 0.04955571192878123, 0.035009433437968265, 0.02849812892871811, 0.03407605820852185, 0.0239899519271578, 0.012923912298521368, 0.017645621757565375]
Validation loses: [0.3585367266796837, 0.7111043969461741, 0.3560192199148177, 0.59615728776317, 0.8513392101634633, 1.0631378307815427, 0.3232992094718228, 0.8132947141473944, 0.6388291871744739, 0.305273694440353, 0.3828060735355724, 0.2703808160237886, 0.36990618853529617, 0.4711382694480833, 0.39446490242584675, 0.5697319300706721, 0.8543871808643183]
Testing loses: [0.26536564615147173, 0.5674550966783003, 0.238520666833526, 0.4480693153113373, 0.9149230373792411, 0.9530070675306083, 0.18601680101319512, 0.5897461737483001, 0.4903695785848439, 0.22008021582256665, 0.2519563387248142, 0.31370437194493195, 0.2863208695876697, 0.3652949670622172, 0.3639686006652422, 0.48230092387554074]










              precision    recall  f1-score   support

           0       1.00      0.44      0.62        18
           1       0.98      0.68      0.81        85
           2       0.63      0.98      0.77        63

    accuracy                           0.77       166
   macro avg       0.87      0.70      0.73       166
weighted avg       0.85      0.77      0.77       166

