Training accuracies: [57.366362451108216, 69.36114732724903, 69.23076923076923, 72.7509778357236, 72.09908735332463, 71.70795306388527, 71.83833116036506, 70.66492829204694, 70.92568448500651]
Testing accuracies: [57.2289156626506, 62.04819277108434, 57.2289156626506, 57.2289156626506, 64.4578313253012, 60.24096385542169, 63.855421686746986, 60.24096385542169]
Validation accuracies: [59.146341463414636, 59.75609756097561, 59.75609756097561, 62.19512195121951, 64.02439024390245, 63.41463414634146, 62.19512195121951, 60.97560975609756, 61.58536585365854]
Training loses: [0.8744482387167712, 0.6118977047089074, 0.5955218125600368, 0.5578830568119884, 0.5803066156804562, 0.5946185617908135, 0.5577657986432314, 0.561644049671789, 0.5438002131672369]
Validation loses: [2.6905813926507616, 2.6724291635938915, 2.487609240634382, 2.3380576756374896, 2.4553647947705484, 2.7253135491993805, 2.613582689900044, 2.4420526520279813, 2.8066426820991452]
Testing loses: [2.8318898539897823, 2.827524815709138, 2.6636137371220863, 3.001330430842628, 2.451329160327754, 2.639840591052347, 2.4937730505446756, 2.717485238697903]










              precision    recall  f1-score   support

           0       1.00      0.06      0.11        18
           1       0.97      0.44      0.60        85
           2       0.49      0.98      0.65        63

    accuracy                           0.60       166
   macro avg       0.82      0.49      0.45       166
weighted avg       0.79      0.60      0.57       166

