Training accuracies: [56.32333767926988, 75.35853976531942, 83.83311603650587, 85.00651890482399, 83.18122555410692, 85.13689700130378, 85.52803129074316, 86.57105606258149, 88.00521512385919, 88.78748370273794, 88.26597131681878, 84.7457627118644, 86.70143415906128, 91.78617992177314, 94.39374185136897, 96.21903520208605, 96.34941329856584, 96.61016949152543, 96.08865710560626, 96.21903520208605, 95.82790091264667, 95.30638852672752, 95.69752281616688, 96.47979139504564, 96.61016949152543, 96.61016949152543, 96.61016949152543, 97.52281616688397, 97.78357235984355, 97.13168187744459]
Testing accuracies: [37.95180722891566, 48.795180722891565, 53.6144578313253, 89.1566265060241, 76.50602409638554, 76.50602409638554, 77.10843373493977, 65.06024096385542, 69.87951807228916, 67.46987951807229, 83.13253012048193, 67.46987951807229, 71.08433734939759, 68.67469879518072, 78.3132530120482, 69.87951807228916, 75.3012048192771, 69.27710843373494, 73.49397590361446, 73.49397590361446, 68.67469879518072, 70.48192771084338, 68.67469879518072, 69.87951807228916, 66.26506024096386, 66.26506024096386, 71.6867469879518, 70.48192771084338, 68.07228915662651, 69.87951807228916]
Validation accuracies: [41.46341463414634, 43.292682926829265, 60.97560975609756, 84.7560975609756, 70.1219512195122, 68.90243902439025, 71.95121951219512, 65.85365853658537, 65.2439024390244, 60.97560975609756, 84.14634146341463, 62.19512195121951, 68.29268292682927, 69.51219512195122, 74.39024390243902, 69.51219512195122, 70.1219512195122, 76.21951219512195, 65.2439024390244, 71.34146341463415, 71.34146341463415, 70.73170731707317, 73.78048780487805, 68.29268292682927, 68.90243902439025, 68.90243902439025, 67.6829268292683, 68.29268292682927, 68.90243902439025, 68.29268292682927]
Training loses: [1.3434550252018704, 0.2926806427528561, 0.1486426507568947, 0.11788823087600676, 0.16488779501782522, 0.15602454300214055, 0.15995805259864757, 0.12028406370131013, 0.08401311319216485, 0.07505699072958613, 0.09032599996584799, 0.1457692036781029, 0.1106217342223535, 0.04363831448469196, 0.0356969150784217, 0.0285097956584026, 0.02173743610823331, 0.009912704581024754, 0.019858049242447006, 0.015803402346271776, 0.02350936792086826, 0.02281327660038795, 0.01401796359065801, 0.015160825353952872, 0.013201081750361573, 0.011549569228712237, 0.011762867076442703, 0.010293292563354125, 0.007714926736225859, 0.0108618130936629]
Validation loses: [2.9901758777208567, 2.497262765553372, 1.3311419329367393, 0.43416547906692793, 0.8941200119404754, 0.9215473626270767, 0.9723835705725615, 1.2603542706197943, 0.8873115157292893, 1.3914072690916457, 0.3255076664535529, 1.3294983698316842, 1.1224111702816546, 1.1033371401419634, 0.7596955984091955, 1.0143787821462331, 0.99377610466697, 0.8398291122307568, 1.1462773872801095, 0.905298329581899, 0.7381689243080203, 0.8593591619129023, 0.820036192570836, 1.023974265934022, 0.9548608296173664, 0.9980600333410847, 0.9286089682381999, 0.8462341324356962, 1.0133277049734573, 1.12733395237568]
Testing loses: [3.1292375296600596, 2.305695951477555, 1.3629719284940356, 0.23941820448486728, 0.3973147309187686, 0.6871796197308506, 0.6935428711008434, 1.0077382276866063, 0.7483850619024482, 1.029261930287654, 0.47531889071149275, 1.0007683275159727, 0.7738670987531173, 0.9335441155867144, 0.539385835986492, 0.8035231986321694, 0.7590711838450314, 0.7450690712810548, 0.7581624777849055, 0.8573906145805169, 0.6336494654663338, 0.6937421819721065, 0.7188103159597097, 0.698886934390738, 0.8501772481512195, 0.8037484549293833, 0.7205783793721017, 0.7322466269997526, 0.8787728784416475, 0.7470959710680749]










              precision    recall  f1-score   support

           0       0.36      1.00      0.53        18
           1       1.00      0.67      0.80        85
           2       0.69      0.65      0.67        63

    accuracy                           0.70       166
   macro avg       0.68      0.77      0.67       166
weighted avg       0.81      0.70      0.72       166

