Training accuracies: [64.14602346805736, 71.05606258148632, 81.48631029986961, 84.09387222946545, 75.88005215123859, 85.65840938722295, 88.91786179921773, 92.4380704041721, 93.35071707953064]
Testing accuracies: [67.46987951807229, 74.09638554216868, 84.93975903614458, 81.32530120481928, 85.5421686746988, 90.96385542168674, 93.37349397590361, 87.95180722891567]
Validation accuracies: [68.29268292682927, 75.60975609756098, 81.09756097560975, 82.92682926829268, 82.3170731707317, 84.7560975609756, 85.36585365853658, 82.92682926829268, 84.14634146341463]
Training loses: [0.8907293387067815, 0.3653703140508797, 0.194993046839348, 0.09598241875775987, 0.270236039107355, 0.1287389252188674, 0.08169746194219761, 0.04861909668277639, 0.02827063312424823]
Validation loses: [1.1355971817142707, 0.6883821595798839, 0.5199429127118311, 0.353659593272252, 0.860404288473208, 0.5574317182277614, 0.46358636070447173, 0.5450512811172107, 0.4514084104259442]
Testing loses: [1.241217798437954, 0.9414376414511815, 0.5137370723830768, 0.352235465502936, 0.45932600616423547, 0.3178314705128775, 0.17418377326224393, 0.2927777419522913]










              precision    recall  f1-score   support

           0       0.67      0.89      0.76        18
           1       0.99      0.87      0.93        85
           2       0.84      0.89      0.86        63

    accuracy                           0.88       166
   macro avg       0.83      0.88      0.85       166
weighted avg       0.89      0.88      0.88       166

