Training accuracies: [59.19165580182529, 76.01043024771839, 80.83441981747066, 83.44198174706649, 86.17992177314211, 85.39765319426337, 90.35202086049544, 88.91786179921773, 73.53324641460235, 82.00782268578878, 77.96610169491525, 85.26727509778357, 88.91786179921773, 90.61277705345502, 92.17731421121252, 92.17731421121252, 92.82920469361147, 93.61147327249022, 94.65449804432855, 95.17601043024771, 95.17601043024771, 95.95827900912647, 95.5671447196871, 95.69752281616688, 95.17601043024771, 94.78487614080835, 97.0013037809648, 96.21903520208605, 96.34941329856584, 95.95827900912647]
Testing accuracies: [41.566265060240966, 42.7710843373494, 45.78313253012048, 46.3855421686747, 45.18072289156626, 47.59036144578313, 46.98795180722892, 45.78313253012048, 52.40963855421687, 50.602409638554214, 53.01204819277108, 54.21686746987952, 50.602409638554214, 52.40963855421687, 51.204819277108435, 53.6144578313253, 51.80722891566265, 51.204819277108435, 53.6144578313253, 52.40963855421687, 53.01204819277108, 51.80722891566265, 54.81927710843374, 54.21686746987952, 54.21686746987952, 51.204819277108435, 50.0, 52.40963855421687, 51.80722891566265, 53.01204819277108]
Validation accuracies: [42.073170731707314, 43.292682926829265, 42.073170731707314, 42.073170731707314, 40.853658536585364, 43.292682926829265, 42.68292682926829, 44.51219512195122, 50.609756097560975, 53.048780487804876, 54.26829268292683, 53.65853658536585, 51.21951219512195, 51.829268292682926, 51.829268292682926, 48.170731707317074, 50.609756097560975, 50.0, 55.48780487804878, 53.048780487804876, 53.65853658536585, 54.8780487804878, 53.65853658536585, 54.8780487804878, 53.65853658536585, 51.829268292682926, 54.26829268292683, 54.26829268292683, 52.4390243902439, 55.48780487804878]
Training loses: [0.10969936588986053, 0.041529811142633356, 0.024212252279944044, 0.019133227512813593, 0.012416610451004494, 0.014100926979355992, 0.009259157262729583, 0.009436854086945662, 0.07126445949931319, 0.039346085407992684, 0.04478565030902044, 0.02910159024112444, 0.017902356716366224, 0.01332052688054672, 0.008631166391732373, 0.00884216745338209, 0.0069838801150991815, 0.0075430501302280835, 0.006492393465334984, 0.006031316181676911, 0.004857903468116752, 0.004194119379629374, 0.00416695374862957, 0.004340353441735346, 0.004087694625616163, 0.00418829520788222, 0.0026978933135342544, 0.0033823406584452755, 0.004046575926392472, 0.003977882703487978]
Validation loses: [0.5876043197537256, 0.5781261014544273, 0.5608582082858755, 0.5627744059917356, 0.5434832119744671, 0.5431147981281123, 0.5285125980692462, 0.4492253725193749, 0.5786287449608164, 0.4337821124998991, 0.5528575132701022, 0.5847622402443373, 0.5329305908896707, 0.5683944619391575, 0.5249030649169417, 0.5188714413603476, 0.5675754369783008, 0.5223519427717225, 0.5018070276118507, 0.5188462773630442, 0.4982171196582889, 0.4906889998223171, 0.48494122836215436, 0.45835444946919596, 0.4982843300527778, 0.5155677421033875, 0.5109990608593649, 0.4795424741161756, 0.4929450888279056, 0.4777146479315009]
Testing loses: [0.5825948636393902, 0.5835724901561895, 0.5884088149740676, 0.5574458945881237, 0.559598059693644, 0.5170873807481497, 0.49688447605479846, 0.4806941895445517, 0.5671866196246187, 0.4738462089507048, 0.5228749346141973, 0.5581119986605053, 0.5109243117088128, 0.5546682609999475, 0.5406453707986626, 0.5288205599981891, 0.5547523754687349, 0.5387233407044213, 0.474036401953579, 0.46627626734331623, 0.4884693169396771, 0.4542301627230053, 0.4477781953890462, 0.456471797848536, 0.4509966531075722, 0.47266865663291996, 0.4825046358029704, 0.4615574769737307, 0.46343216226120626, 0.4175575449447001]










              precision    recall  f1-score   support

           0       0.64      0.78      0.70        18
           1       1.00      0.14      0.25        85
           2       0.47      0.98      0.64        63

    accuracy                           0.53       166
   macro avg       0.70      0.63      0.53       166
weighted avg       0.76      0.53      0.44       166

