Training accuracies: [53.32464146023468, 55.67144719687093, 54.628422425032596, 58.279009126466754, 57.366362451108216, 55.932203389830505, 56.19295958279009, 54.36766623207301, 55.541069100391134, 54.758800521512384, 56.0625814863103, 53.976531942633635, 53.84615384615385, 54.88917861799218, 54.36766623207301, 59.452411994784875, 53.32464146023468, 53.32464146023468, 55.28031290743155, 57.10560625814863, 60.234680573663624, 56.58409387222947, 55.80182529335072, 57.366362451108216, 54.88917861799218, 55.80182529335072, 56.45371577574967, 53.455019556714475, 56.84485006518905, 57.496740547588004]
Testing accuracies: [59.036144578313255, 57.2289156626506, 57.83132530120482, 54.81927710843374, 57.2289156626506, 53.6144578313253, 57.83132530120482, 54.21686746987952, 61.44578313253012, 56.626506024096386, 58.433734939759034, 56.626506024096386, 53.6144578313253, 56.626506024096386, 57.2289156626506, 55.42168674698795, 54.81927710843374, 56.626506024096386, 54.81927710843374, 57.83132530120482, 53.6144578313253, 57.2289156626506, 58.433734939759034, 55.42168674698795, 54.81927710843374, 53.01204819277108, 57.83132530120482, 54.81927710843374, 57.83132530120482, 53.6144578313253]
Validation accuracies: [60.36585365853659, 57.31707317073171, 57.31707317073171, 53.65853658536585, 59.146341463414636, 54.26829268292683, 57.926829268292686, 56.707317073170735, 56.09756097560975, 53.048780487804876, 52.4390243902439, 55.48780487804878, 56.09756097560975, 53.65853658536585, 55.48780487804878, 54.26829268292683, 54.26829268292683, 54.26829268292683, 58.53658536585366, 55.48780487804878, 55.48780487804878, 57.31707317073171, 55.48780487804878, 55.48780487804878, 51.21951219512195, 56.09756097560975, 54.8780487804878, 54.26829268292683, 53.048780487804876, 54.26829268292683]
Training loses: [4.139536918606609, 1.2042340983947117, 1.2694496255781915, 1.2826306778523657, 1.1214798535737727, 1.3029958821005292, 1.2147632771068149, 1.2091610576543543, 1.263244278728962, 1.2571864997347195, 1.2443146800829303, 1.2430355697870255, 1.282411814149883, 1.2835121154785156, 1.3707620451847713, 1.194996303982205, 1.3258155998256471, 1.2225362706101603, 1.3691707973678906, 1.1477707607878578, 1.1241367695232232, 1.2040315452549193, 1.1652544124258888, 1.228911527742942, 1.149304944400986, 1.167779464688566, 1.2304335575964715, 1.346766317056285, 1.1437169710795085, 1.0957053262326453]
Validation loses: [2.9241314880118883, 3.2618746324019, 3.1915150555697354, 3.2542579272561825, 3.3366494296996057, 3.462219648124758, 3.306112116033381, 3.6200108488729175, 3.416443596201495, 3.615434867291411, 3.5114085772805965, 3.303143225425531, 2.9405641319337956, 3.568829244818569, 3.5979942763147275, 3.548510165253947, 3.391076395334291, 3.0883940862230035, 3.6246933188320187, 3.6265796156954178, 3.563945880606155, 3.301114704983293, 3.4470623741465163, 3.6729067652678684, 3.7904704700816763, 3.5740248467311386, 3.4013733193894065, 3.110385768669696, 3.1590828068000225, 3.9813109468822634]
Testing loses: [2.6488624131383975, 3.211139584375807, 2.8701353151936178, 3.4678848203548713, 3.036020909459138, 3.4218789250397488, 2.905979976181156, 3.511540026704142, 2.891416147720715, 2.6897641213472223, 2.9929056798131013, 3.3539624332396447, 3.5088353905796024, 2.8923795558204337, 2.635534617526472, 3.3648867094812314, 3.654629526059489, 2.8872225737768757, 2.7785459234694803, 2.8925696286288174, 3.429258062819804, 2.9281600762989894, 3.031726474604331, 2.971881058590471, 3.0363819973527892, 2.8840723747064256, 2.934296332114984, 3.32207652951075, 3.0260825354205676, 3.1939619001278206]










              precision    recall  f1-score   support

           0       0.35      0.67      0.46        18
           1       0.82      0.42      0.56        85
           2       0.47      0.65      0.54        63

    accuracy                           0.54       166
   macro avg       0.55      0.58      0.52       166
weighted avg       0.63      0.54      0.54       166

