Training accuracies: [44.71968709256845, 64.40677966101696, 61.66883963494133, 74.05475880052151, 69.49152542372882, 75.09778357235984, 77.83572359843546, 81.48631029986961, 82.13820078226858, 83.57235984354628, 85.26727509778357, 83.05084745762711, 88.00521512385919, 89.04823989569752, 89.17861799217731, 92.04693611473273, 89.4393741851369, 92.3076923076923, 93.08996088657105, 92.82920469361147, 93.22033898305085, 92.3076923076923, 93.61147327249022, 92.4380704041721, 91.65580182529335, 93.74185136897002, 95.30638852672752, 96.21903520208605, 94.91525423728814, 95.5671447196871]
Testing accuracies: [53.6144578313253, 72.28915662650603, 56.626506024096386, 84.33734939759036, 73.49397590361446, 77.71084337349397, 83.13253012048193, 84.33734939759036, 86.74698795180723, 81.92771084337349, 88.55421686746988, 86.144578313253, 84.93975903614458, 87.34939759036145, 94.57831325301204, 90.96385542168674, 87.34939759036145, 90.96385542168674, 92.16867469879519, 89.75903614457832, 93.37349397590361, 90.96385542168674, 92.16867469879519, 92.16867469879519, 89.1566265060241, 92.16867469879519, 90.36144578313252, 89.75903614457832, 93.37349397590361, 91.56626506024097]
Validation accuracies: [55.48780487804878, 73.78048780487805, 63.41463414634146, 84.14634146341463, 72.5609756097561, 79.8780487804878, 82.3170731707317, 81.70731707317073, 86.58536585365853, 79.26829268292683, 82.3170731707317, 82.92682926829268, 86.58536585365853, 85.36585365853658, 90.85365853658537, 87.8048780487805, 87.1951219512195, 90.85365853658537, 89.02439024390245, 90.2439024390244, 90.85365853658537, 90.2439024390244, 92.07317073170732, 87.8048780487805, 90.2439024390244, 89.63414634146342, 92.07317073170732, 92.07317073170732, 93.29268292682927, 93.90243902439025]
Training loses: [0.6108821369190183, 0.3466017254995953, 0.2297236123122275, 0.1360999094613362, 0.14169888012111187, 0.11354646893839042, 0.09942089225912909, 0.04603326865521537, 0.038417971742943126, 0.03380194915669597, 0.02126499927736505, 0.02525292209055705, 0.01597820565362973, 0.009845875575456218, 0.010053243804855406, 0.007021788764404846, 0.00787764635525592, 0.005605091074155805, 0.004738893667738214, 0.004538140977274452, 0.0041761017521619375, 0.005347707590165858, 0.003771522502802327, 0.005324468451388182, 0.005072580899044017, 0.0037237941493357437, 0.003132609182961864, 0.0023261805837743546, 0.0030527095027789784, 0.0031352831801806738]
Validation loses: [4.162862344221636, 0.31964974112285316, 1.2370738983154297, 0.12063493356512751, 0.2343211592721545, 0.3796352916538464, 0.15641241880857254, 0.2899730841356569, 0.08846799128357906, 0.15207110671711363, 0.07359254600341655, 0.10769541361388435, 0.09710587673503666, 0.06395758719138166, 0.030283288479867308, 0.044940720037133855, 0.06729142782328869, 0.025712527881168627, 0.03269297566480381, 0.032628529354899134, 0.02842922374454119, 0.04138273865846563, 0.029699992767678506, 0.046267837947927236, 0.04351450022202263, 0.033643493267191835, 0.02576159489507525, 0.03587572998559672, 0.02142028988546823, 0.02795013858602875]
Testing loses: [5.319326053966176, 0.35601677776368196, 1.375959167795733, 0.11244422583725334, 0.19173584151859124, 0.4411582939388338, 0.12922826945042806, 0.2568753495627691, 0.08343480736756127, 0.17999269105186147, 0.05253797436860863, 0.06508275737200887, 0.10806212395675913, 0.05955222507646261, 0.0348412752813421, 0.033685819546053236, 0.05108278410986435, 0.02351903687000336, 0.028462618066013353, 0.03018107388384086, 0.02760875404212039, 0.029489470514938356, 0.035148697010480054, 0.034499644070925296, 0.040048143826425076, 0.023318107724805512, 0.03361825250601011, 0.03206982326064613, 0.028216444815543654, 0.01581945913759145]










              precision    recall  f1-score   support

           0       1.00      0.56      0.71        18
           1       0.94      0.98      0.96        85
           2       0.87      0.94      0.90        63

    accuracy                           0.92       166
   macro avg       0.94      0.82      0.86       166
weighted avg       0.92      0.92      0.91       166

