Training accuracies: [59.84354628422425, 74.44589308996089, 79.40026075619296, 79.92177314211213, 84.7457627118644, 86.04954367666232, 87.35332464146023, 77.70534550195568, 80.57366362451108, 80.3129074315515, 80.3129074315515, 83.83311603650587, 83.83311603650587, 81.7470664928292, 83.96349413298566, 85.26727509778357, 86.3102998696219, 84.7457627118644, 87.61408083441982, 91.13428943937419, 90.61277705345502, 90.48239895697523, 91.52542372881356, 90.61277705345502, 91.52542372881356, 91.13428943937419, 91.52542372881356, 90.48239895697523, 91.91655801825293, 92.04693611473273]
Testing accuracies: [78.3132530120482, 78.3132530120482, 80.12048192771084, 80.72289156626506, 72.28915662650603, 73.49397590361446, 75.3012048192771, 54.21686746987952, 64.4578313253012, 65.06024096385542, 66.86746987951807, 72.28915662650603, 72.28915662650603, 75.3012048192771, 72.89156626506023, 72.89156626506023, 69.27710843373494, 71.6867469879518, 75.3012048192771, 71.6867469879518, 73.49397590361446, 72.28915662650603, 72.89156626506023, 68.07228915662651, 70.48192771084338, 75.90361445783132, 71.6867469879518, 65.06024096385542, 71.08433734939759, 69.27710843373494]
Validation accuracies: [79.8780487804878, 76.82926829268293, 76.82926829268293, 77.4390243902439, 73.17073170731707, 76.21951219512195, 76.82926829268293, 60.36585365853659, 67.6829268292683, 68.90243902439025, 70.1219512195122, 72.5609756097561, 70.1219512195122, 70.73170731707317, 70.73170731707317, 70.1219512195122, 71.95121951219512, 74.39024390243902, 72.5609756097561, 68.29268292682927, 65.2439024390244, 69.51219512195122, 72.5609756097561, 69.51219512195122, 71.34146341463415, 69.51219512195122, 71.34146341463415, 69.51219512195122, 71.34146341463415, 68.29268292682927]
Training loses: [0.6880192858063512, 0.2551262477775001, 0.14010771466160402, 0.10709063718809379, 0.06245462939109025, 0.0455013312585848, 0.04288443043886645, 0.19166802831328014, 0.1545798800782197, 0.1521796728613683, 0.1405151319793529, 0.11101554497849758, 0.10339940807616955, 0.10206597349320469, 0.08445444805431129, 0.07830993534374153, 0.07222087299455796, 0.06854320158014791, 0.04217753049063807, 0.026165742348327668, 0.030748384260447584, 0.03412114348899302, 0.026587121488016105, 0.02478236150617012, 0.02343790782417737, 0.02959862971739694, 0.023461253082614236, 0.026806324943891638, 0.020810169054811558, 0.018346407464392395]
Validation loses: [0.47687343920557956, 0.5956937852969839, 0.6043854919223746, 0.5339411782824303, 0.5953786875590805, 0.5199891033251424, 0.4397231172924199, 2.674334762510189, 1.3637623156397796, 1.1308361419961472, 1.3541120103568085, 0.9259999685051028, 1.2213497792393708, 1.0756317229310344, 0.9485337281030071, 1.127844320841072, 0.740359716178957, 0.8618251134541409, 0.9715638554785863, 0.9323566688978968, 0.979488908751937, 0.9460274995851122, 0.8215379379997568, 1.0323280618210469, 0.8322994216414522, 0.8884645528044582, 0.8483638379199445, 0.9786094476368802, 0.6682388069358759, 1.0140940512507415]
Testing loses: [0.5255232251380101, 0.6137410155997789, 0.36038682184928705, 0.33850572449116667, 0.49004982424176424, 0.46367226627247393, 0.4191245510558451, 3.038624944765706, 1.4561732977875008, 1.3883592826275786, 1.1666687697418465, 1.028649846384348, 0.9739863498151795, 0.9438961760933734, 0.8634372427443828, 0.8370360539964409, 0.9304874435929228, 0.8226853185448765, 0.666361418144762, 0.9137265977780682, 0.8531771651969469, 0.8654468394508047, 0.7230799296670708, 0.9115866314281117, 0.7977854786825574, 0.5120202588640953, 0.8079465115365903, 1.0468425396060157, 0.8551503193279928, 0.9355959458784624]










              precision    recall  f1-score   support

           0       0.60      0.67      0.63        18
           1       1.00      0.48      0.65        85
           2       0.59      0.98      0.74        63

    accuracy                           0.69       166
   macro avg       0.73      0.71      0.67       166
weighted avg       0.80      0.69      0.68       166

