Training accuracies: [52.803129074315514, 64.01564537157758, 69.6219035202086, 74.70664928292047, 73.53324641460235, 74.96740547588006, 77.18383311603651, 77.05345501955671, 75.7496740547588, 75.48891786179922, 75.61929595827901, 77.83572359843546, 75.61929595827901, 77.96610169491525, 76.92307692307692, 80.70404172099087, 79.13950456323337, 80.83441981747066, 83.18122555410692, 82.13820078226858, 83.96349413298566, 84.35462842242504, 84.8761408083442, 83.3116036505867, 85.52803129074316, 67.40547588005215, 72.7509778357236, 78.6179921773142, 78.8787483702738, 74.96740547588006]
Testing accuracies: [56.626506024096386, 50.0, 46.98795180722892, 47.59036144578313, 46.3855421686747, 51.204819277108435, 50.602409638554214, 46.3855421686747, 48.19277108433735, 46.98795180722892, 47.59036144578313, 50.0, 54.81927710843374, 58.433734939759034, 55.42168674698795, 54.81927710843374, 50.0, 61.44578313253012, 56.626506024096386, 59.63855421686747, 64.4578313253012, 62.65060240963855, 63.855421686746986, 60.24096385542169, 69.87951807228916, 72.28915662650603, 67.46987951807229, 77.71084337349397, 75.3012048192771, 65.66265060240964]
Validation accuracies: [63.41463414634146, 56.707317073170735, 48.78048780487805, 50.609756097560975, 52.4390243902439, 51.21951219512195, 51.21951219512195, 50.609756097560975, 49.390243902439025, 50.0, 50.0, 57.31707317073171, 57.926829268292686, 59.146341463414636, 56.707317073170735, 56.707317073170735, 56.09756097560975, 64.63414634146342, 59.146341463414636, 59.146341463414636, 68.29268292682927, 67.07317073170732, 67.07317073170732, 67.07317073170732, 68.90243902439025, 73.78048780487805, 68.90243902439025, 71.95121951219512, 75.0, 67.6829268292683]
Training loses: [0.9225041513434715, 0.4244175037990014, 0.20570563132342715, 0.16067555277711815, 0.15762844174686405, 0.14911305278332695, 0.1357535955353847, 0.13324894065347812, 0.14146043717240295, 0.1221606125861096, 0.1166626253656836, 0.10215106591283767, 0.1216608189581368, 0.11307227499729479, 0.10719407983618566, 0.07991547687157032, 0.08870672256138178, 0.08339218762315188, 0.06158845875221333, 0.07292366923371042, 0.0620925150209991, 0.05208356031237966, 0.04936945249663438, 0.06395963542859602, 0.051462906394076996, 0.33965959394764567, 0.2375565185211599, 0.1246425485583005, 0.09572575363239998, 0.15819815448599606]
Validation loses: [0.752320583201637, 0.7690618333737713, 0.9956759697149608, 0.9429605145099734, 0.9721930243752219, 0.9266966315340405, 0.9753436726972091, 0.8960163455364133, 1.0186506381704787, 0.9433754377128665, 0.9435176337060849, 0.849637364553026, 0.7607499390594229, 0.7751444824470961, 0.8173290678292268, 0.6213915702725245, 0.7340343175840772, 0.518673930286376, 0.7232524383166605, 0.5890709841546934, 0.45657620745256916, 0.5032712162033586, 0.5285820665438313, 0.5606730595107906, 0.3909920729881476, 0.8186449649905371, 0.6448011083051193, 0.5037797738697903, 0.4284250874164676, 0.9250350431962446]
Testing loses: [0.8202829075253699, 0.8033415423937081, 0.9976858383367869, 0.9752805627082005, 1.1134534709709736, 0.9618376030409632, 1.0814794863551116, 1.0491413084928654, 1.0050555615385701, 0.9630335855089929, 0.9455094652727616, 0.9333622987605323, 0.8592630142022756, 0.7681429524067019, 0.8675663431813895, 0.8045578278785895, 0.7627056216405442, 0.5528634402377546, 0.7576199563081599, 0.672620844249883, 0.45629921235328863, 0.5242420425099774, 0.5177382516466881, 0.6030365652289272, 0.4212000813365968, 0.8429388310298447, 0.7019794686766695, 0.421822516386174, 0.3760074120907744, 0.825604913648495]










              precision    recall  f1-score   support

           0       0.00      0.00      0.00        18
           1       0.98      0.54      0.70        85
           2       0.53      1.00      0.69        63

    accuracy                           0.66       166
   macro avg       0.50      0.51      0.46       166
weighted avg       0.70      0.66      0.62       166

