Training accuracies: [59.452411994784875, 71.70795306388527, 72.35984354628422, 73.40286831812256, 72.6205997392438, 72.49022164276401, 75.61929595827901, 73.79400260756194, 76.14080834419818, 74.1851368970013, 76.01043024771839, 76.01043024771839, 75.88005215123859, 79.66101694915254, 77.05345501955671, 80.70404172099087, 78.48761408083442, 81.22555410691004, 82.92046936114733, 82.79009126466754, 86.83181225554107, 87.35332464146023, 87.22294654498045, 89.4393741851369, 88.39634941329857, 88.78748370273794, 90.48239895697523, 91.0039113428944, 89.70013037809647, 91.0039113428944]
Testing accuracies: [67.46987951807229, 62.04819277108434, 64.4578313253012, 62.04819277108434, 66.86746987951807, 67.46987951807229, 66.26506024096386, 68.07228915662651, 62.04819277108434, 68.07228915662651, 69.27710843373494, 69.87951807228916, 68.07228915662651, 66.26506024096386, 64.4578313253012, 71.08433734939759, 68.67469879518072, 73.49397590361446, 57.83132530120482, 64.4578313253012, 66.26506024096386, 63.855421686746986, 72.28915662650603, 66.26506024096386, 62.65060240963855, 69.87951807228916, 64.4578313253012, 66.86746987951807, 66.26506024096386, 72.89156626506023]
Validation accuracies: [67.6829268292683, 64.02439024390245, 65.2439024390244, 65.85365853658537, 66.46341463414635, 67.6829268292683, 70.1219512195122, 65.2439024390244, 65.2439024390244, 67.07317073170732, 67.6829268292683, 65.85365853658537, 68.29268292682927, 68.29268292682927, 66.46341463414635, 65.85365853658537, 68.90243902439025, 72.5609756097561, 59.75609756097561, 63.41463414634146, 62.80487804878049, 65.2439024390244, 65.2439024390244, 64.02439024390245, 64.63414634146342, 68.29268292682927, 67.07317073170732, 65.85365853658537, 69.51219512195122, 69.51219512195122]
Training loses: [1.0235109712100692, 0.3756076193725069, 0.3332965185875562, 0.33414871607542707, 0.33994058798998594, 0.32189995179780656, 0.2780361562537211, 0.2840811022195137, 0.2410776523045368, 0.26610657318572634, 0.2598252913598521, 0.26667730054921573, 0.24356201849877834, 0.18553008858332165, 0.19742690269938776, 0.1797047786983765, 0.16420947237171882, 0.12363427072208329, 0.09159518978867709, 0.08040029820022519, 0.06271350586595718, 0.05845313096651653, 0.05067348731048405, 0.031213488209398694, 0.04335495085656261, 0.03412815805565591, 0.034279815442946275, 0.029826136322506764, 0.03558772692922929, 0.02427614938863261]
Validation loses: [1.369733956234514, 1.7093090892823275, 1.4945776915747273, 1.3487903894471727, 1.4321737841141127, 1.1061963089241469, 1.4173281187853537, 1.3985441460097132, 1.6438562160681103, 1.3469922641092096, 1.1747565072430068, 1.1872570494974939, 1.3594917384060947, 1.1255813196670912, 1.2406129600587954, 0.9847055180998873, 0.864380990178132, 0.7606108764971583, 1.140281058540029, 0.9063380089673129, 0.9037830337019991, 1.0776145083845154, 0.6784323266715058, 0.875056365304742, 0.9503844079892498, 0.7231348447563234, 0.7349979936583968, 0.9957640308979129, 0.7508172910075541, 0.5233333504889622]
Testing loses: [1.522931311741348, 1.8178006321930689, 1.5722384571043913, 1.701910271132288, 1.3029668547890403, 1.4798264582295062, 1.3869703860322307, 1.267902567366923, 1.4090620584724363, 1.1930385187637709, 1.1579512604011977, 0.9822118745362463, 1.119136254649517, 1.2158526389066837, 1.0369445785018039, 0.9971519974637623, 1.0108498857041035, 0.6011052446917069, 1.2934179384846334, 0.8646925342969657, 0.8198537530977863, 1.0063513133151472, 0.6149547178883198, 0.8028884052245086, 0.901276730308848, 0.6295218782976639, 0.6321587601969065, 0.8106352494767876, 0.8083974664861505, 0.47155129712475236]










              precision    recall  f1-score   support

           0       0.59      0.89      0.71        18
           1       1.00      0.53      0.69        85
           2       0.64      0.95      0.76        63

    accuracy                           0.73       166
   macro avg       0.74      0.79      0.72       166
weighted avg       0.82      0.73      0.72       166

