Training accuracies: [59.84354628422425, 73.01173402868318, 73.27249022164277, 72.7509778357236, 74.83702737940025, 73.92438070404172, 75.61929595827901, 74.05475880052151, 74.96740547588006, 72.88135593220339, 73.66362451108213, 76.66232073011734, 73.92438070404172, 75.09778357235984, 75.88005215123859, 76.92307692307692, 75.22816166883963, 80.70404172099087, 78.35723598435463, 78.74837027379401, 81.7470664928292, 82.92046936114733, 82.65971316818775, 84.35462842242504, 86.3102998696219, 88.00521512385919, 89.56975228161669, 89.56975228161669, 92.4380704041721, 91.52542372881356]
Testing accuracies: [69.27710843373494, 58.433734939759034, 63.25301204819277, 64.4578313253012, 62.65060240963855, 63.855421686746986, 63.25301204819277, 66.26506024096386, 65.06024096385542, 65.06024096385542, 64.4578313253012, 66.26506024096386, 70.48192771084338, 69.27710843373494, 67.46987951807229, 68.67469879518072, 72.28915662650603, 71.6867469879518, 76.50602409638554, 76.50602409638554, 74.09638554216868, 77.71084337349397, 78.3132530120482, 72.28915662650603, 79.51807228915662, 76.50602409638554, 74.6987951807229, 83.13253012048193, 80.12048192771084, 85.5421686746988]
Validation accuracies: [58.53658536585366, 58.53658536585366, 54.26829268292683, 56.707317073170735, 59.146341463414636, 60.36585365853659, 57.926829268292686, 53.048780487804876, 60.36585365853659, 60.36585365853659, 60.36585365853659, 61.58536585365854, 65.85365853658537, 60.36585365853659, 64.63414634146342, 62.80487804878049, 57.926829268292686, 67.07317073170732, 68.90243902439025, 68.29268292682927, 70.73170731707317, 69.51219512195122, 74.39024390243902, 69.51219512195122, 73.17073170731707, 71.34146341463415, 74.39024390243902, 77.4390243902439, 75.60975609756098, 78.04878048780488]
Training loses: [0.9487146445446544, 0.34872153054715854, 0.35761752476294834, 0.33438799111172557, 0.34945070859976113, 0.3537276692481504, 0.30986412632207955, 0.32736806254543377, 0.32128398834417266, 0.335548070880274, 0.32426714944368645, 0.30326103165538776, 0.3480082883292602, 0.3076498413251506, 0.30271259183064103, 0.2858218947011563, 0.26687510984225404, 0.23763375455099675, 0.23539499087362656, 0.2508454042383366, 0.18784751160385346, 0.16058804326975304, 0.1868580199127576, 0.14142481295685538, 0.106072389029548, 0.08003048499742564, 0.06749513887254678, 0.05389092514088942, 0.03396923223235761, 0.03671336852034381]
Validation loses: [1.9871418298768604, 2.1641941898125263, 2.2026530553486725, 2.2541934084301154, 2.143912882844279, 1.8399176952267482, 1.978160243389035, 2.1501981404202044, 1.826014810357212, 1.8444005713975136, 1.883148177596163, 2.108801128450504, 1.8033780815187563, 1.5445920751114521, 1.5885753552775739, 1.4861552656189472, 1.6621281647485149, 1.2070621537768151, 1.1528948082411585, 0.9548464597256715, 0.9280445989498421, 0.9605076805619169, 0.6542948267676614, 1.1480717225508257, 0.7450353705193385, 0.9149942516295378, 0.624124959865508, 0.5745159720093751, 0.5815460642507253, 0.3638672222775861]
Testing loses: [1.4914135814698275, 2.3836494398511148, 1.9666825128980905, 1.8973296338861638, 2.2854191409654856, 1.7733410291435305, 1.7337475512638567, 1.7439108269273744, 1.974457575269967, 1.8546619572915324, 1.8577397522200976, 1.4257473275681172, 1.3860720799974173, 1.4059589457167083, 1.463778003188204, 1.217694030320349, 1.0393540768912342, 1.231906646539357, 0.9766497296735275, 1.0990351884171736, 0.9200801317356835, 0.8279971426183527, 0.778720903002526, 1.1681721703080106, 0.6580737760244323, 0.816536379254554, 0.5773776523337877, 0.3794604282179648, 0.4169910835825707, 0.20449405514504299]










              precision    recall  f1-score   support

           0       0.68      0.83      0.75        18
           1       0.99      0.82      0.90        85
           2       0.78      0.90      0.84        63

    accuracy                           0.86       166
   macro avg       0.82      0.85      0.83       166
weighted avg       0.88      0.86      0.86       166

