Training accuracies: [52.93350717079531, 70.79530638852673, 72.6205997392438, 75.88005215123859, 79.40026075619296, 78.8787483702738, 79.26988265971316, 77.96610169491525, 82.13820078226858, 83.3116036505867, 86.17992177314211, 88.52672750977835, 86.70143415906128, 83.83311603650587, 84.7457627118644, 89.04823989569752, 87.09256844850066, 88.78748370273794, 83.57235984354628, 87.35332464146023, 87.61408083441982, 91.39504563233376, 90.48239895697523, 89.04823989569752, 91.26466753585397, 87.22294654498045, 91.65580182529335, 88.13559322033899, 94.0026075619296, 92.95958279009126]
Testing accuracies: [71.08433734939759, 71.08433734939759, 76.50602409638554, 81.92771084337349, 80.12048192771084, 81.32530120481928, 76.50602409638554, 86.144578313253, 78.91566265060241, 86.74698795180723, 78.91566265060241, 81.32530120481928, 71.08433734939759, 83.73493975903614, 81.92771084337349, 89.75903614457832, 81.32530120481928, 89.75903614457832, 78.91566265060241, 90.36144578313252, 85.5421686746988, 91.56626506024097, 92.7710843373494, 86.74698795180723, 89.75903614457832, 86.144578313253, 92.7710843373494, 92.16867469879519, 91.56626506024097, 84.93975903614458]
Validation accuracies: [78.04878048780488, 68.90243902439025, 76.21951219512195, 75.60975609756098, 79.26829268292683, 79.8780487804878, 81.09756097560975, 85.36585365853658, 81.09756097560975, 84.14634146341463, 76.82926829268293, 86.58536585365853, 70.73170731707317, 85.97560975609755, 80.48780487804878, 89.63414634146342, 76.82926829268293, 89.02439024390245, 82.92682926829268, 87.1951219512195, 87.8048780487805, 89.63414634146342, 93.90243902439025, 91.46341463414635, 92.07317073170732, 84.7560975609756, 90.85365853658537, 90.2439024390244, 91.46341463414635, 85.36585365853658]
Training loses: [4.21622531203967, 0.2897454768082955, 0.18412537911596397, 0.17854275769140157, 0.17750227113159175, 0.18144327998905083, 0.1995355136371586, 0.29509542925774845, 0.2723566316352743, 0.17822265331693332, 0.17156429741390997, 0.11381629271515553, 0.14579093244635288, 0.23626139585667424, 0.25527467125310627, 0.1885301603144599, 0.22765614453884256, 0.16531377556061164, 0.29644059096851066, 0.20632426513363858, 0.15190550977394035, 0.1266683627380428, 0.09818617083410824, 0.12013397625823347, 0.11508711704216829, 0.18863659820312428, 0.09262019185626884, 0.13764178379341332, 0.08083799196744969, 0.09889790113154406]
Validation loses: [1.398154778012521, 0.5822002414829475, 0.715540609083885, 0.5644230069207752, 0.6165180600379124, 0.27420816441212803, 0.7047578157964817, 0.8528391822310518, 0.834612929131374, 0.9944880319343617, 1.4369308022428149, 0.3181663415258104, 1.379720400187595, 0.5750180947999213, 1.5061082130621288, 0.7718478726946618, 1.9486584466350967, 0.8237996411717627, 1.1742152182523868, 0.5817003109827176, 1.03577058177349, 0.5972592005551146, 0.33535297841222356, 0.4247012634284545, 0.567419145284182, 0.882320094699702, 0.5643982690227918, 0.8521223383501542, 0.306509242965531, 0.7675419722583668]
Testing loses: [1.3867186081310934, 0.4564429979679013, 0.7041896206268095, 0.4402740440092796, 0.4687796343456615, 0.23347725454440785, 0.8827330140042896, 0.955488468989853, 0.9438052975441799, 0.5115222927993008, 1.5221614788386446, 0.4385606823873914, 1.5654896665210565, 0.8431560614507926, 1.9750301187688655, 0.9465234460044955, 1.783875512682702, 0.6948491014724921, 1.5598541251884017, 0.450460905587774, 1.1879847020157113, 0.40922795835817793, 0.4231922559993917, 0.5824389984785033, 0.7087619815684992, 0.6658735443887971, 0.30746126430825493, 0.6544448629883696, 0.2766631734518954, 0.6803650370806702]










              precision    recall  f1-score   support

           0       0.59      0.94      0.72        18
           1       0.88      0.99      0.93        85
           2       0.98      0.63      0.77        63

    accuracy                           0.85       166
   macro avg       0.81      0.86      0.81       166
weighted avg       0.88      0.85      0.85       166

