Training accuracies: [57.88787483702738, 76.40156453715775, 81.61668839634942, 88.00521512385919, 89.17861799217731, 90.74315514993481, 92.04693611473273, 91.78617992177314, 94.65449804432855, 93.61147327249022, 92.95958279009126, 94.65449804432855, 94.26336375488918, 94.26336375488918, 97.0013037809648, 96.870925684485, 95.30638852672752, 94.65449804432855, 95.95827900912647, 95.82790091264667, 96.21903520208605, 96.21903520208605, 96.61016949152543]
Testing accuracies: [66.26506024096386, 89.1566265060241, 84.33734939759036, 85.5421686746988, 89.1566265060241, 89.75903614457832, 86.74698795180723, 87.34939759036145, 91.56626506024097, 90.96385542168674, 89.75903614457832, 88.55421686746988, 87.95180722891567, 89.75903614457832, 89.1566265060241, 91.56626506024097, 90.36144578313252, 91.56626506024097, 89.75903614457832, 87.95180722891567, 90.36144578313252, 90.96385542168674]
Validation accuracies: [61.58536585365854, 82.3170731707317, 84.7560975609756, 84.14634146341463, 87.1951219512195, 81.09756097560975, 82.92682926829268, 80.48780487804878, 84.14634146341463, 86.58536585365853, 86.58536585365853, 87.1951219512195, 80.48780487804878, 88.41463414634147, 85.97560975609755, 85.36585365853658, 87.1951219512195, 89.02439024390245, 90.2439024390244, 83.53658536585365, 85.97560975609755, 82.3170731707317, 89.02439024390245]
Training loses: [1.0256558626683223, 0.40258421082681095, 0.23310854409404178, 0.12152587299028204, 0.12149877155189553, 0.07623436732261459, 0.04937936657686379, 0.057631603579980234, 0.03700904413824604, 0.03947861792504126, 0.030234976201126477, 0.03316905263684032, 0.024152859664251906, 0.026046879247916644, 0.012178764813352226, 0.009680344900327884, 0.01750710560858377, 0.01807490110278066, 0.019358277916623836, 0.018157518206867885, 0.012819179383669561, 0.012814714316477028, 0.012218131769253808]
Validation loses: [2.179231344175733, 0.8302103970661615, 0.5843622097052819, 0.5929052608561889, 0.2885603168902317, 0.5548518886250897, 0.45340104536576703, 0.7263924445002532, 0.30456102682539254, 0.2808385544017819, 0.31395927638061777, 0.25495578843789596, 0.4335382245788889, 0.2183566131306055, 0.2694838138229612, 0.2783991472780212, 0.4119104942100504, 0.16139817477996685, 0.1646387550579615, 0.29124511913819745, 0.2848588245081828, 0.29078906084880357, 0.2938605177808892]
Testing loses: [2.403965752972059, 0.6649327758999833, 0.6338831762636988, 0.5435814142635107, 0.2535273245543488, 0.14929604338622007, 0.4904574875609676, 0.35629174248567347, 0.3049103597391682, 0.24277642794138143, 0.3478670860987064, 0.2566255447716925, 0.3871884725310586, 0.18474513089596023, 0.28946098229609246, 0.17144586256969985, 0.335750811309977, 0.22053785905365117, 0.17430951203128975, 0.34334600648862235, 0.3031063206216767, 0.12553811153350572]










              precision    recall  f1-score   support

           0       0.60      1.00      0.75        18
           1       1.00      0.93      0.96        85
           2       0.95      0.86      0.90        63

    accuracy                           0.91       166
   macro avg       0.85      0.93      0.87       166
weighted avg       0.94      0.91      0.92       166

