Training accuracies: [58.93089960886571, 74.05475880052151, 76.40156453715775, 79.13950456323337, 84.61538461538461, 82.92046936114733, 85.00651890482399, 89.70013037809647, 86.04954367666232, 87.09256844850066, 81.7470664928292, 85.91916558018254, 86.17992177314211, 80.4432855280313, 90.74315514993481, 90.35202086049544, 83.70273794002608]
Testing accuracies: [74.09638554216868, 50.0, 87.34939759036145, 87.34939759036145, 88.55421686746988, 43.373493975903614, 68.07228915662651, 87.34939759036145, 89.75903614457832, 60.8433734939759, 59.036144578313255, 87.95180722891567, 36.74698795180723, 85.5421686746988, 76.50602409638554, 75.90361445783132]
Validation accuracies: [73.78048780487805, 51.829268292682926, 85.36585365853658, 79.8780487804878, 81.70731707317073, 50.0, 67.6829268292683, 87.1951219512195, 87.1951219512195, 59.75609756097561, 56.707317073170735, 85.36585365853658, 43.90243902439025, 81.70731707317073, 75.0, 75.60975609756098, 53.048780487804876]
Training loses: [6.341210580844845, 0.8212643103260132, 0.5538838882413175, 0.34953967098651145, 0.20574617883807547, 0.2130410389678181, 0.14448671230126645, 0.07421102054819113, 0.09204792074424341, 0.07261097678393662, 0.17837498556859696, 0.058403422401271304, 0.05643902844100784, 0.16756995329006072, 0.042450105425514195, 0.03777948541568203, 0.12154360316097455]
Validation loses: [5.923000808589714, 5.370009745448089, 0.670199690833072, 1.072415911215396, 0.7992402147655645, 2.540975870179736, 1.4863674423911355, 0.4354032396285002, 0.2689302095696946, 1.1855440533850805, 0.8240504747579905, 0.09093543311411684, 4.538191803230728, 0.675516234941719, 0.6625325443330875, 0.5852299032132487, 2.582942300591587]
Testing loses: [5.573897117425587, 5.45352040440583, 0.6330606070585734, 0.6673226459952425, 0.35827358565793477, 2.8480934584436337, 1.3977376567430733, 0.2969975560164648, 0.19919240339234368, 1.2071898397335337, 0.7656422488945576, 0.13952320177985492, 5.267574247249887, 0.5151422811933786, 0.6555205888984618, 0.6414747454903342]










              precision    recall  f1-score   support

           0       0.93      0.72      0.81        18
           1       1.00      0.59      0.74        85
           2       0.62      1.00      0.76        63

    accuracy                           0.76       166
   macro avg       0.85      0.77      0.77       166
weighted avg       0.85      0.76      0.76       166

