Training accuracies: [58.53976531942634, 77.70534550195568, 76.92307692307692, 75.48891786179922, 79.13950456323337, 74.83702737940025, 76.79269882659713, 77.96610169491525, 76.79269882659713, 78.8787483702738, 78.74837027379401, 76.40156453715775, 76.40156453715775, 79.26988265971316, 77.3142112125163, 77.57496740547587, 77.96610169491525, 77.57496740547587, 77.70534550195568, 77.44458930899609, 78.22685788787484, 80.4432855280313, 79.66101694915254, 79.53063885267275, 79.66101694915254, 76.53194263363756, 79.79139504563233, 80.96479791395046, 79.13950456323337, 79.00912646675359]
Testing accuracies: [39.1566265060241, 50.0, 42.16867469879518, 39.1566265060241, 33.13253012048193, 43.975903614457835, 40.36144578313253, 39.75903614457831, 39.75903614457831, 38.55421686746988, 41.566265060240966, 37.95180722891566, 35.54216867469879, 36.74698795180723, 39.1566265060241, 33.734939759036145, 38.55421686746988, 37.95180722891566, 40.36144578313253, 34.93975903614458, 41.566265060240966, 38.55421686746988, 35.54216867469879, 38.55421686746988, 34.33734939759036, 39.1566265060241, 38.55421686746988, 35.54216867469879, 34.33734939759036, 39.1566265060241]
Validation accuracies: [48.78048780487805, 55.48780487804878, 49.390243902439025, 46.951219512195124, 45.73170731707317, 46.34146341463415, 42.68292682926829, 49.390243902439025, 43.90243902439025, 46.34146341463415, 41.46341463414634, 45.1219512195122, 43.292682926829265, 48.78048780487805, 42.073170731707314, 42.073170731707314, 45.73170731707317, 42.073170731707314, 42.073170731707314, 43.292682926829265, 46.951219512195124, 43.292682926829265, 43.90243902439025, 43.90243902439025, 44.51219512195122, 48.170731707317074, 48.78048780487805, 44.51219512195122, 39.02439024390244, 43.90243902439025]
Training loses: [0.47897612106882864, 0.20234939473488744, 0.17212487538927004, 0.17303954671458796, 0.14854321830272157, 0.1572706879392526, 0.15757969487458467, 0.14901177007557306, 0.1481320322120357, 0.13144762022410633, 0.1365525404980871, 0.13938024784955713, 0.13975985768047394, 0.12406027749077314, 0.1386481009475473, 0.12873639640909257, 0.12240330605871147, 0.11987389228306711, 0.13061984541450836, 0.13420774554899456, 0.13241558747114998, 0.11786824448399912, 0.1134156171457208, 0.12986319335821347, 0.1077932011293423, 0.1346262438584947, 0.12197356066493127, 0.11068038280106564, 0.12960723454388143, 0.12061197756904424]
Validation loses: [1.3522252721234786, 1.1947476331852684, 1.5096730555384612, 1.5142367496963374, 1.5385307911013768, 1.517717203818077, 1.6007438218298036, 1.596004738295374, 1.65857229153972, 1.498225409137316, 1.645727977279789, 1.5582024046212188, 1.5798227136785334, 1.6695506198347105, 1.6609610250173523, 1.5893499043362198, 1.5252592543925134, 1.585026252368265, 1.6177232679256723, 1.795783602501735, 1.51816082788893, 1.5893933162216314, 1.6893090807701931, 1.6672485840222067, 1.628547589640972, 1.552690040966696, 1.6526705529078962, 1.6435298367965319, 1.7100801625527629, 1.694927995855158]
Testing loses: [1.5066727488494116, 1.1258592487366732, 1.6792243847177049, 1.5404156535124975, 1.624123920093883, 1.6418223972162926, 1.6787117020157742, 1.6452914151278408, 1.7253369969769943, 1.8001730343527045, 1.754494911383006, 1.7387177806255245, 1.8888245811147137, 1.9182625210974826, 1.7831457705537148, 1.638533907488358, 1.7940573889361924, 1.6907198330587592, 1.7724059317722796, 1.8486809848753873, 1.7863745098271644, 1.6816489085678228, 1.8212250796231357, 1.7681411790453696, 1.625669108934639, 1.642224926593875, 1.806140009036734, 1.737896651275887, 1.851159994267235, 1.761809309652029]










              precision    recall  f1-score   support

           0       0.16      1.00      0.28        18
           1       1.00      0.34      0.51        85
           2       0.69      0.29      0.40        63

    accuracy                           0.39       166
   macro avg       0.62      0.54      0.40       166
weighted avg       0.79      0.39      0.44       166

