Training accuracies: [62.32073011734029, 76.53194263363756, 79.92177314211213, 79.79139504563233, 82.92046936114733, 78.22685788787484]
Testing accuracies: [80.12048192771084, 78.91566265060241, 74.6987951807229, 76.50602409638554, 59.036144578313255]
Validation accuracies: [80.48780487804878, 79.26829268292683, 82.3170731707317, 75.60975609756098, 59.146341463414636, 70.73170731707317]
Training loses: [0.9103089690001475, 0.3565874317040046, 0.3011374537422632, 0.30795357717822, 0.18787515665301016, 0.2999202865175903]
Validation loses: [0.8569938486272638, 0.9177842023605645, 0.8791260876931435, 1.050640985000232, 2.010327197303457, 1.510797969565904]
Testing loses: [0.6187756238890088, 0.737072459922349, 0.928840907152034, 0.9168348075929752, 1.8016065763047904]










              precision    recall  f1-score   support

           0       0.16      0.50      0.25        18
           1       0.98      0.54      0.70        85
           2       0.67      0.68      0.68        63

    accuracy                           0.59       166
   macro avg       0.60      0.57      0.54       166
weighted avg       0.77      0.59      0.64       166

