Training accuracies: [49.41329856584094, 51.10821382007823, 51.10821382007823, 51.10821382007823, 51.10821382007823, 51.238591916558015, 51.10821382007823, 51.10821382007823, 51.10821382007823, 51.10821382007823, 51.10821382007823, 50.19556714471969, 51.10821382007823, 51.10821382007823, 51.10821382007823, 51.10821382007823, 51.10821382007823, 51.10821382007823, 51.10821382007823, 50.97783572359844, 47.84876140808344, 50.847457627118644, 51.10821382007823, 51.10821382007823, 51.10821382007823, 51.10821382007823, 51.10821382007823, 51.10821382007823, 51.10821382007823, 51.10821382007823]
Testing accuracies: [51.204819277108435, 51.204819277108435, 51.204819277108435, 51.204819277108435, 51.204819277108435, 51.204819277108435, 51.204819277108435, 51.204819277108435, 51.204819277108435, 51.204819277108435, 51.204819277108435, 51.204819277108435, 51.204819277108435, 51.204819277108435, 51.204819277108435, 51.204819277108435, 51.204819277108435, 51.204819277108435, 51.204819277108435, 51.204819277108435, 51.204819277108435, 51.204819277108435, 51.204819277108435, 51.204819277108435, 51.204819277108435, 51.204819277108435, 51.204819277108435, 51.204819277108435, 51.204819277108435, 51.204819277108435]
Validation accuracies: [51.21951219512195, 51.21951219512195, 51.21951219512195, 51.21951219512195, 51.21951219512195, 51.21951219512195, 51.21951219512195, 51.21951219512195, 51.21951219512195, 51.21951219512195, 51.21951219512195, 51.21951219512195, 51.21951219512195, 51.21951219512195, 51.21951219512195, 51.21951219512195, 51.21951219512195, 51.21951219512195, 51.21951219512195, 51.21951219512195, 51.21951219512195, 51.21951219512195, 51.21951219512195, 51.21951219512195, 51.21951219512195, 51.21951219512195, 51.21951219512195, 51.21951219512195, 51.21951219512195, 51.21951219512195]
Training loses: [0.022624311270192266, 0.01628346513542864, 0.016311117240952123, 0.016076559381973412, 0.016162636198310387, 0.016250219170211088, 0.016210468382471137, 0.01618384337052703, 0.016083413786772225, 0.016115370956766937, 0.01621431526210573, 0.019743657256993983, 0.016281693449450862, 0.016124429465788934, 0.016026790874699753, 0.016223360137600038, 0.016078638844192028, 0.016136654186993837, 0.016270898437748354, 0.016387056404103834, 0.020388528420072462, 0.016859475859544344, 0.016053646880512435, 0.016168302623555064, 0.01621901251686116, 0.016137750276053946, 0.016162874591019418, 0.016018312320941024, 0.016035771747637127, 0.01605223892774019]
Validation loses: [0.0685564794323661, 0.07163205028565461, 0.06945615218690604, 0.06832377748055891, 0.06848335610933541, 0.06959490170163557, 0.06826992517660473, 0.06898534544243301, 0.06865992871197787, 0.07010162270758763, 0.06916373229223835, 0.06910939256021799, 0.06840194749438072, 0.06822581576906944, 0.06877818087900965, 0.0683282308342043, 0.06870340365023653, 0.06887180893874366, 0.06878937768542076, 0.06848998256951323, 0.06771591010172505, 0.06865401652233659, 0.06826236006642177, 0.06827398937595777, 0.06871178820113505, 0.06825354153459723, 0.06822000505510441, 0.0683976261576345, 0.06830026788159836, 0.06832335064233827]
Testing loses: [0.07026307297147011, 0.07238226340821952, 0.07047602608184184, 0.06987454132600264, 0.06973573590113112, 0.07148941735590784, 0.06965627552063997, 0.07010064440325271, 0.06985599344426935, 0.07112674624466699, 0.07027366683502828, 0.07021561289621779, 0.06973902647160302, 0.0696569656537584, 0.06998504094841067, 0.06972321794052755, 0.06988824645349802, 0.07058585330474475, 0.070019588490163, 0.06973597333450948, 0.06956594000177935, 0.07035963348120698, 0.06974941492080688, 0.06981416871725035, 0.06990363775206006, 0.06977593061352565, 0.06972887890398011, 0.06968917285115266, 0.06964130588799468, 0.06965002097374151]










              precision    recall  f1-score   support

           0       0.00      0.00      0.00        18
           1       0.51      1.00      0.68        85
           2       0.00      0.00      0.00        63

    accuracy                           0.51       166
   macro avg       0.17      0.33      0.23       166
weighted avg       0.26      0.51      0.35       166

