Training accuracies: [79.26988265971316, 85.65840938722295, 86.96219035202085, 86.96219035202085, 88.91786179921773, 86.96219035202085, 86.83181225554107, 86.57105606258149, 86.3102998696219, 87.09256844850066, 89.30899608865711, 89.4393741851369, 91.39504563233376, 92.4380704041721, 93.08996088657105, 93.22033898305085, 94.26336375488918, 94.78487614080835, 95.30638852672752, 96.08865710560626, 96.08865710560626, 96.34941329856584, 98.30508474576271, 97.52281616688397, 97.0013037809648, 98.56584093872229, 97.91395045632333, 98.4354628422425, 99.08735332464146, 98.04432855280312]
Testing accuracies: [78.91566265060241, 89.1566265060241, 85.5421686746988, 79.51807228915662, 81.92771084337349, 87.95180722891567, 75.3012048192771, 69.87951807228916, 87.34939759036145, 89.75903614457832, 89.75903614457832, 88.55421686746988, 89.75903614457832, 91.56626506024097, 93.37349397590361, 91.56626506024097, 93.37349397590361, 92.7710843373494, 93.37349397590361, 93.37349397590361, 95.18072289156626, 96.98795180722891, 95.78313253012048, 95.78313253012048, 95.78313253012048, 96.98795180722891, 96.3855421686747, 98.79518072289157, 96.3855421686747, 97.59036144578313]
Validation accuracies: [78.04878048780488, 88.41463414634147, 79.8780487804878, 80.48780487804878, 81.70731707317073, 82.3170731707317, 77.4390243902439, 68.90243902439025, 85.97560975609755, 86.58536585365853, 89.02439024390245, 89.02439024390245, 89.02439024390245, 89.02439024390245, 90.85365853658537, 90.85365853658537, 91.46341463414635, 90.85365853658537, 92.07317073170732, 91.46341463414635, 90.85365853658537, 94.51219512195122, 92.6829268292683, 94.51219512195122, 93.90243902439025, 93.29268292682927, 95.73170731707317, 93.90243902439025, 93.90243902439025, 93.90243902439025]
Training loses: [0.008208735208932517, 0.004413474170077178, 0.003892336156342127, 0.0032648891986658177, 0.0023162580651438073, 0.003639700919544945, 0.0036606371561194663, 0.003648380927592775, 0.003912165308267706, 0.00340990209305245, 0.002977645656857122, 0.0019968562361706668, 0.0015634559846754807, 0.0013901464260723312, 0.001308380827443519, 0.0014575292991341688, 0.0013277627646554417, 0.0010964808979123416, 0.0009507870146181732, 0.000773262845541467, 0.0014066373882491866, 0.0008129818658946735, 0.0005348090125052194, 0.0008222764933331442, 0.0005702305120394158, 0.0005482685672480633, 0.00044981344414433505, 0.0004956329869906363, 0.0003863194650269482, 0.0004376052756924764]
Validation loses: [0.03638262860047028, 0.014391726264364494, 0.03318179355672569, 0.03722149838908953, 0.027141072983614914, 0.09733857329904048, 0.05823470446404286, 0.07459048839843513, 0.01676389371806925, 0.016793114734498, 0.013302008575694406, 0.013461247463672122, 0.010729963857782363, 0.010117769743734874, 0.011877569736054644, 0.010185928247454826, 0.008469985952780751, 0.008646787796569397, 0.01087511433116027, 0.007271766536260574, 0.010720046166516263, 0.0066403199915772, 0.00618090852818448, 0.004681510144117296, 0.009433281596530901, 0.0068594502820567204, 0.007160246567486151, 0.006830181614299183, 0.0072544835744969725, 0.006582638951806812]
Testing loses: [0.02848281323417159, 0.012642140877394637, 0.024634851035007763, 0.03876847952357993, 0.026024888308087656, 0.07787086666861841, 0.06249873672635102, 0.07433620624798389, 0.013648524788046672, 0.014361021208984793, 0.0085059556540502, 0.008228284991846597, 0.007253426765976859, 0.006329146452432821, 0.006298548557356862, 0.0060395073869134765, 0.005705109997537017, 0.005317011409369875, 0.0060396313528753515, 0.004916804026781528, 0.00597149045168122, 0.003063124812338963, 0.004478873819697741, 0.0036098730350144145, 0.004401110756318739, 0.0030416666206803697, 0.0039402755046617395, 0.0032624400390142746, 0.0041445984143363545, 0.002162288757010309]










              precision    recall  f1-score   support

           0       1.00      0.78      0.88        18
           1       1.00      1.00      1.00        85
           2       0.94      1.00      0.97        63

    accuracy                           0.98       166
   macro avg       0.98      0.93      0.95       166
weighted avg       0.98      0.98      0.97       166

