Training accuracies: [84.09387222946545, 87.48370273794002, 87.8748370273794, 89.04823989569752, 91.13428943937419, 94.65449804432855, 89.17861799217731, 92.82920469361147, 94.91525423728814, 97.26205997392438, 95.4367666232073, 95.30638852672752, 88.91786179921773, 92.69882659713168, 96.47979139504564, 96.870925684485, 94.26336375488918, 97.52281616688397, 98.95697522816167, 98.4354628422425, 98.82659713168188, 98.30508474576271, 98.30508474576271, 99.34810951760105, 99.73924380704042, 98.4354628422425, 98.95697522816167, 99.08735332464146, 99.47848761408083, 99.73924380704042]
Testing accuracies: [74.09638554216868, 81.32530120481928, 87.95180722891567, 87.95180722891567, 90.96385542168674, 86.144578313253, 86.74698795180723, 89.75903614457832, 93.97590361445783, 94.57831325301204, 95.18072289156626, 82.53012048192771, 55.42168674698795, 95.18072289156626, 91.56626506024097, 69.27710843373494, 93.97590361445783, 96.98795180722891, 98.19277108433735, 95.78313253012048, 95.18072289156626, 93.97590361445783, 84.93975903614458, 98.19277108433735, 97.59036144578313, 86.74698795180723, 95.78313253012048, 98.19277108433735, 99.39759036144578, 98.19277108433735]
Validation accuracies: [68.29268292682927, 80.48780487804878, 87.8048780487805, 84.7560975609756, 90.85365853658537, 87.1951219512195, 87.8048780487805, 90.2439024390244, 93.90243902439025, 96.95121951219512, 92.07317073170732, 84.7560975609756, 56.707317073170735, 92.6829268292683, 90.2439024390244, 75.0, 93.90243902439025, 96.95121951219512, 97.5609756097561, 95.73170731707317, 93.29268292682927, 92.6829268292683, 84.14634146341463, 97.5609756097561, 95.73170731707317, 84.7560975609756, 93.29268292682927, 96.95121951219512, 95.1219512195122, 96.34146341463415]
Training loses: [0.0054588587534251725, 0.0031023469572472903, 0.0032046506108195493, 0.002803231020758782, 0.0019480851823472122, 0.001331182425575308, 0.0029755465135773798, 0.0017164295203555312, 0.0012397419751424524, 0.0006083663273683569, 0.0009761660674030281, 0.002245095896922875, 0.0033223740457388987, 0.0018317310452605146, 0.0011814627551732175, 0.000818406791495363, 0.002121294562281643, 0.0007348984158220951, 0.00041004305170291546, 0.0004048483376221965, 0.0002569110965250982, 0.00044184023011616265, 0.0005821407178877456, 0.00016606736812718736, 0.00011113290815956134, 0.00036485066866731586, 0.00020093622991307965, 0.00020421208449761252, 0.0001751979673024885, 8.428168285945503e-05]
Validation loses: [0.09544311488462874, 0.06981854645673893, 0.023041984539725315, 0.026520143932670603, 0.012770628760490994, 0.02600575226776625, 0.014485453109955415, 0.008793440874721779, 0.008440756348316742, 0.005228389243110399, 0.014579496415686016, 0.07232113886087717, 0.30077832099819973, 0.023424594012216072, 0.016486153673295947, 0.11406328018046609, 0.009808087421288667, 0.0036788988737716565, 0.005022021414604315, 0.004506999019949869, 0.007523059774218028, 0.009529960274403868, 0.02800477296113968, 0.005009463031907096, 0.005924335471162002, 0.027021309915037196, 0.00899088181639937, 0.004428832156752998, 0.005653623716659412, 0.0034337408915460343]
Testing loses: [0.07100592467410506, 0.07551852816885168, 0.020664917031872617, 0.01654136497989174, 0.010611967700362794, 0.030124393411073067, 0.014748286909985642, 0.009603780616856033, 0.005609210210175, 0.00619457285631879, 0.01450755351707955, 0.053818607749032576, 0.24986793753529382, 0.004078653190777568, 0.00684745004785455, 0.17139556302019388, 0.008608660753046678, 0.0033382105723808496, 0.0013588692156851969, 0.0030309687123714736, 0.0051998441263432955, 0.007255935687417826, 0.027684264562346718, 0.0020686932550820192, 0.0029123389154426323, 0.018830278657438342, 0.004225213097000479, 0.0019319749668539764, 0.0005187091387785233, 0.0011072972061089432]










              precision    recall  f1-score   support

           0       1.00      0.83      0.91        18
           1       1.00      1.00      1.00        85
           2       0.95      1.00      0.98        63

    accuracy                           0.98       166
   macro avg       0.98      0.94      0.96       166
weighted avg       0.98      0.98      0.98       166

