Training accuracies: [76.53194263363756, 81.61668839634942, 84.48500651890483, 82.13820078226858, 82.79009126466754, 82.00782268578878, 82.92046936114733, 84.61538461538461, 84.22425032594523, 85.91916558018254, 86.17992177314211, 86.83181225554107, 87.09256844850066, 86.3102998696219, 87.74445893089961, 87.22294654498045, 85.39765319426337, 86.57105606258149, 84.35462842242504, 85.13689700130378, 87.22294654498045, 86.04954367666232, 87.74445893089961, 86.96219035202085, 87.35332464146023, 88.91786179921773, 87.74445893089961, 88.13559322033899, 86.04954367666232, 82.26857887874837]
Testing accuracies: [83.73493975903614, 88.55421686746988, 83.73493975903614, 84.93975903614458, 51.80722891566265, 87.95180722891567, 88.55421686746988, 85.5421686746988, 87.95180722891567, 86.74698795180723, 80.12048192771084, 88.55421686746988, 82.53012048192771, 87.34939759036145, 88.55421686746988, 89.1566265060241, 86.144578313253, 84.93975903614458, 87.95180722891567, 61.44578313253012, 83.13253012048193, 89.1566265060241, 86.74698795180723, 86.74698795180723, 89.1566265060241, 86.144578313253, 78.91566265060241, 87.95180722891567, 48.19277108433735, 77.10843373493977]
Validation accuracies: [83.53658536585365, 85.97560975609755, 83.53658536585365, 84.14634146341463, 51.829268292682926, 85.36585365853658, 85.97560975609755, 84.7560975609756, 85.97560975609755, 86.58536585365853, 79.26829268292683, 86.58536585365853, 83.53658536585365, 87.1951219512195, 87.1951219512195, 86.58536585365853, 79.26829268292683, 82.92682926829268, 85.97560975609755, 56.707317073170735, 84.7560975609756, 87.8048780487805, 85.36585365853658, 84.7560975609756, 87.8048780487805, 85.36585365853658, 77.4390243902439, 84.7560975609756, 55.48780487804878, 73.78048780487805]
Training loses: [0.013802399160340428, 0.007862030266551301, 0.005381813607527874, 0.00800994194449029, 0.008658563410184191, 0.007541928280261345, 0.006828676010223313, 0.005953002642652589, 0.005361686923101337, 0.004671995165861315, 0.004382839942991268, 0.00409202033349882, 0.0038602514970180993, 0.004124457682741599, 0.003157574341457803, 0.0033089791072092745, 0.0059602468326273896, 0.0052918829145104, 0.006943351375715186, 0.005372414877961597, 0.0036106195798816364, 0.004068283230784194, 0.0030363645362538392, 0.0034259151434525847, 0.0034311191157030407, 0.0022588010356735647, 0.0027893492394165755, 0.0028578161539674816, 0.009472215692868404, 0.010591729031552354]
Validation loses: [0.21762517196210948, 0.025256518921083656, 0.029737757134043478, 0.03208067348180724, 2.3176106933719853, 0.017468629335630533, 0.031658468697905624, 0.03023382821235775, 0.0745376819236712, 0.019806785093358727, 0.034170885716588044, 0.019498370324207606, 0.02228668879348138, 0.014300940011835787, 0.01398847774315764, 0.014400371309939373, 0.028240353484784275, 0.09527356139084033, 0.04464515405591608, 0.714312126321241, 0.023305580982060967, 0.013374832333719805, 0.02331583925307832, 0.021183217544693593, 0.012648497323297765, 0.02040331078871742, 0.0367323645669101, 0.01931023697776735, 0.45323990987352103, 0.03982673548469859]
Testing loses: [0.1195633446505247, 0.024411461939496445, 0.030853448389482892, 0.023856145044988838, 2.5966700719407765, 0.013989801033715572, 0.017458836586514783, 0.02657620713484189, 0.015328482347579041, 0.021455102346160194, 0.03682431831093859, 0.01824194128232554, 0.025042768475437956, 0.01510364989449909, 0.011609314194272373, 0.01130075792758918, 0.02040912912896842, 0.07665527972184921, 0.025263498251736242, 0.2556114486180061, 0.023090339519760826, 0.010626504043779099, 0.019013852312052545, 0.013596049794727122, 0.012257887435353491, 0.016389567497347997, 0.031081410109504194, 0.01327328318114246, 0.48159645608634, 0.045864114707166496]










              precision    recall  f1-score   support

           0       0.00      0.00      0.00        18
           1       0.99      0.78      0.87        85
           2       0.63      0.98      0.77        63

    accuracy                           0.77       166
   macro avg       0.54      0.59      0.54       166
weighted avg       0.74      0.77      0.74       166

